ID,min_year,max_year
1,1970,1988
2,1975,1988
3,1980,1987
4,1980,2002
5,1971,1996
6,1970,1993
7,1970,1993
8,1970,1993
9,1970,1993
10,1970,1994
11,1970,1993
12,1970,1994
13,1970,1993
14,1970,1994
15,1970,1995
16,1970,1994
17,1970,1992
18,1970,1983
19,1970,1991
20,1970,1988
21,1970,1988
22,1970,1988
23,1974,1991
24,1974,1988
25,1977,1991
26,1977,1990
27,1971,1992
28,1976,1988
29,1986,1991
30,1985,1991
31,1985,1991
33,1991,1994
34,1985,1990
35,1985,1990
36,1991,1994
38,1978,2000
39,1973,1986
40,1987,2011
41,1987,2011
42,1987,2011
43,1990,2000
46,1970,2005
47,1970,2001
48,1970,1995
49,1995,2004
52,1970,1976
53,1972,1991
54,1970,1992
55,1972,1991
57,1972,1991
58,1979,1987
60,1972,1991
63,1982,1997
64,1983,1996
65,1993,2002
70,1975,2001
71,1975,2001
72,1984,2001
73,1998,2001
74,1970,1974
76,1970,1992
77,1985,1993
78,1992,1994
79,1992,1994
80,1992,1994
81,1990,1995
83,1998,2002
84,1998,2002
92,1994,2000
93,1994,1999
94,1994,1999
95,1994,1999
96,1995,2000
97,1995,2000
98,1995,2000
99,1995,1999
101,1985,1994
103,1986,1991
104,1998,2001
105,1998,2002
106,1998,2002
107,1977,2001
108,1977,2001
109,1987,1994
110,1987,1994
126,1995,1998
127,1995,1998
128,1995,1998
129,1995,1999
130,1995,1999
131,1996,1998
132,1996,1998
133,1971,2003
134,1974,1993
135,1974,2003
136,1995,1998
137,1995,1999
138,1995,1999
139,1997,1998
140,1978,2004
141,1996,2004
142,1996,2013
143,1972,1995
144,1996,2012
148,2000,2006
149,2000,2006
150,2000,2006
151,1998,2004
152,1998,2004
153,1998,2005
154,1997,2006
155,1997,2006
156,1997,2006
157,1999,2005
158,1999,2005
159,1970,2007
160,1970,2007
161,1970,2007
162,1970,2007
163,1970,2007
164,1998,2004
165,1978,2010
166,1970,2010
167,1993,2007
168,1993,2010
169,1993,2010
170,1970,2009
172,1983,1989
173,1987,1989
174,1998,1999
175,1987,2017
176,2001,2005
177,1989,1990
178,1970,1974
179,1970,1974
180,1970,1972
181,1970,1975
182,1970,1974
183,1970,1975
184,1970,1975
185,1970,1975
186,1970,1975
189,1970,1995
190,1983,1984
191,1975,1976
192,1976,1977
193,1970,1971
194,1988,1997
195,1993,1996
196,1993,1997
197,1993,1997
198,1990,1991
199,1970,1979
200,1970,1979
201,1978,1989
207,1970,1995
208,1970,1995
209,1970,1995
216,1988,1998
217,1999,2001
218,1999,2001
219,1971,2008
220,1984,1994
221,1972,2006
222,1984,2006
223,1983,2001
224,1970,2000
225,1971,2008
226,1970,2008
227,1970,2010
229,1971,2008
231,1970,2008
233,1970,1982
234,1970,1977
235,1970,1977
236,1977,2019
237,1984,1992
238,1970,1989
239,1970,1981
240,1971,1981
241,1980,1992
242,1970,2004
243,1995,2010
244,1988,1993
245,1970,2002
246,1984,1985
247,1985,1993
248,1985,1993
249,1990,2005
250,1999,2000
251,1991,1998
252,1989,2004
253,1970,2001
254,1971,2003
256,1987,2004
259,1993,2005
260,1993,2005
261,1997,2005
262,1997,2005
264,1987,1996
265,1994,2000
266,1994,2000
267,1970,2013
268,1991,2010
269,1991,2010
270,1978,2009
271,1991,2010
272,1991,2010
273,1978,2009
276,1989,2012
277,2004,2008
278,2003,2008
279,1999,2009
280,1995,1996
281,1995,1996
283,1995,2006
284,1995,2004
285,1995,2005
286,1995,2006
287,1995,2004
288,1995,2005
289,1995,2006
290,1995,2004
291,1995,2005
292,1995,2006
293,1995,2004
294,1995,2005
296,1987,2008
297,1987,2006
298,1995,2006
299,1995,2004
300,1995,2006
301,1995,2004
302,1995,2005
303,1995,2006
304,1995,2004
305,1995,2005
307,1986,1993
308,2004,2005
309,2004,2005
310,2004,2005
311,2004,2005
312,2004,2005
313,2004,2005
314,2004,2005
315,2004,2005
316,1993,2002
317,1993,2002
318,1993,2002
319,1998,2000
320,1993,2002
321,1993,2002
322,2003,2004
323,2003,2004
324,2003,2004
325,2003,2004
326,2003,2004
327,1993,2002
328,1998,2002
329,1993,2002
330,1993,2002
331,1997,1999
332,2001,2006
333,1998,1999
334,1997,1999
335,1997,1999
336,1997,1999
337,1997,1999
339,2002,2007
340,1998,1999
341,1998,1999
342,1998,1999
343,1998,1999
344,1997,1999
345,1997,1999
346,1990,1992
347,1990,1992
348,1970,2010
349,1970,2010
350,2007,2009
351,1991,1994
352,1999,2006
361,1981,1982
363,1990,2010
364,2003,2012
365,2004,2012
370,2005,2011
371,2003,2012
381,2007,2012
386,1999,2005
388,2003,2012
389,2002,2012
391,1984,1986
392,2002,2003
393,1993,2004
395,2009,2010
396,2006,2012
397,1995,2012
398,1995,2004
399,1995,2004
400,1983,1997
401,1983,1997
402,1989,1997
403,1985,1997
404,1983,1997
405,1983,1997
406,1985,1997
407,1990,1997
408,1983,1993
409,1978,1981
410,1999,2002
411,1999,2002
412,1999,2002
413,1999,2002
414,1999,2002
415,1994,1998
416,1994,1995
417,1994,1998
418,1994,1998
419,2001,2003
420,1978,1981
423,1999,2005
424,1999,2005
425,1999,2003
426,1999,2002
427,1999,2003
428,1999,2002
429,1999,2002
430,1971,1973
431,1971,1974
432,1971,1973
433,1971,1974
434,1971,1973
435,1975,1982
436,1985,1995
437,1996,2010
438,1996,2010
439,1996,2010
441,1996,2010
442,1999,2010
443,1995,2009
444,1995,2009
445,1995,2009
446,1995,1997
447,1995,1997
449,1995,1997
450,1995,1997
451,1995,1997
452,1992,2002
453,1981,2009
454,1988,2009
455,1970,2010
456,1970,2010
457,1970,2010
458,1970,2010
459,1995,2001
460,1995,1997
461,1996,1997
462,1996,1997
463,1996,1997
464,1996,1997
465,1996,1997
466,1996,1997
467,1996,1997
468,2002,2004
469,2002,2004
470,2002,2004
471,2002,2004
472,2002,2004
473,2002,2004
474,2002,2004
475,2002,2004
476,2002,2004
477,1997,1998
478,1996,1997
482,1972,1997
483,1973,1977
484,2005,2008
485,1973,1977
486,1973,1977
487,1973,1977
488,1973,1977
489,2005,2008
492,2008,2013
493,2008,2013
497,2008,2013
498,2008,2013
503,1989,1994
504,1970,2014
505,1999,2006
506,1999,2006
507,2004,2006
508,1999,2006
510,1996,2009
511,1996,2009
512,1996,2009
513,1996,2008
514,1995,2009
515,1995,2009
518,1996,2004
521,1997,2005
522,1997,2005
523,1997,2005
525,1996,2006
527,1993,1997
528,1993,1997
529,1995,2006
530,1995,2006
531,1994,1997
532,1994,1997
533,1995,2006
534,2005,2006
536,1998,2001
537,2003,2010
539,1985,2008
540,1986,2005
541,2005,2007
542,1970,1978
543,1970,1978
544,2005,2007
546,1987,1992
547,1987,1992
549,1994,2007
550,1996,2007
551,1996,2007
552,1996,2003
553,1996,2007
555,1981,1984
556,1981,1984
557,1981,1984
558,1981,1983
559,1981,1984
560,1995,1997
561,2000,2002
562,2000,2002
563,1995,1997
564,1995,1997
565,1997,2006
566,1990,1991
567,1989,1991
568,1989,1991
569,1976,1978
570,1997,2008
571,2007,2008
572,1994,2008
573,2001,2008
574,1998,2008
575,1994,2008
576,2003,2008
577,1998,2008
578,1994,2008
579,2001,2008
580,1995,2008
581,2007,2008
582,1989,1993
583,1997,2006
584,1970,1977
585,1971,2007
586,1983,2005
588,1972,2012
589,1970,2001
590,1970,2010
591,1987,2010
592,1990,2012
593,1994,2010
594,1990,2010
595,1988,2009
596,1988,2009
597,1982,2009
598,1971,2011
600,1970,2012
601,1972,2012
602,1982,2009
603,1994,1997
604,1994,1997
605,2005,2008
608,1979,2004
609,2000,2007
610,2001,2007
611,2000,2007
614,1978,1984
615,1983,1986
616,1988,1998
618,1997,2013
619,2004,2010
620,1997,2011
621,1997,2011
622,2004,2010
623,1994,2012
624,1991,2008
625,2005,2011
627,1999,2005
628,1999,2005
629,1995,1998
630,2002,2011
631,1997,2011
632,2002,2011
633,2000,2004
634,1997,2011
635,2001,2011
636,1997,2011
638,2011,2012
646,2002,2003
647,2002,2003
648,2002,2003
649,2002,2003
650,2002,2003
651,2002,2003
653,2002,2003
654,2002,2003
656,2002,2003
657,2002,2003
661,2011,2013
682,1993,1995
684,1996,2013
685,2001,2011
686,2002,2012
687,2001,2011
688,2009,2012
689,2007,2012
690,2007,2012
692,2009,2011
693,2009,2011
694,1970,1994
695,1970,1994
696,1970,1994
697,1970,1994
698,1971,1994
699,1976,1992
700,1972,1994
701,1973,1994
702,1970,1994
703,1973,1994
706,1973,1994
707,1970,1994
708,1984,1993
709,1971,1994
710,1970,1994
711,1970,1994
712,1970,1994
713,1974,1994
714,1970,1994
715,1974,1992
716,1970,1994
718,1993,2007
719,2007,2014
720,2016,2017
721,2016,2017
722,2016,2017
723,2016,2017
724,2016,2017
725,1980,2013
726,2016,2017
727,2016,2017
728,2016,2017
729,2016,2017
730,2016,2017
733,1977,2020
740,1996,2018
741,1985,2018
742,1990,2020
743,1973,2019
744,1987,2019
745,1993,2017
746,1993,2017
748,2005,2022
749,2005,2022
750,2010,2022
751,2009,2022
752,2005,2022
753,2006,2022
754,2007,2022
755,2006,2022
756,2008,2022
757,2000,2022
758,1992,2019
759,1988,2022
761,2000,2022
762,2000,2022
763,1989,2011
764,1974,1979
765,2013,2017
766,2013,2017
767,2004,2014
768,2004,2013
769,2004,2014
770,1970,1990
771,2005,2010
772,2002,2014
777,1992,1999
782,1980,2016
792,1997,2001
798,1971,1993
799,1970,1994
801,1987,1993
802,1971,2016
805,1977,1993
806,1970,1994
808,1988,1993
811,1995,2022
814,1970,1994
815,1970,1994
816,1970,1994
817,1970,1994
818,1972,1994
819,1970,1994
820,1970,1994
821,1972,1994
822,1970,1994
823,1970,1994
824,1970,1994
825,1970,1994
826,1971,1994
827,1980,1993
828,1971,2016
829,1995,2022
830,1995,2022
831,1975,1977
832,2004,2008
834,2005,2009
835,2009,2010
843,1970,1994
844,1975,1994
850,1983,1994
851,1995,2022
852,2000,2022
858,1970,1994
859,1970,1994
860,1973,1993
861,1970,1994
862,1973,1994
869,1970,1981
870,1982,1994
871,1995,2016
874,1970,1994
875,1970,1994
876,1970,1994
877,1970,1994
878,1971,1994
879,1970,1994
880,1971,1994
881,1972,1994
884,1971,2016
885,1970,1981
886,1982,1994
887,1995,2022
888,1970,1981
889,1982,1994
890,1995,2022
893,1970,1994
894,1970,1994
896,1970,1994
899,1971,1994
900,1972,1990
915,2010,2011
916,2010,2011
920,1973,1994
925,2004,2010
926,2004,2010
927,2009,2010
928,2004,2010
929,2005,2010
930,2005,2010
931,2009,2010
932,2004,2010
933,2008,2010
934,2004,2010
935,2008,2010
936,2008,2010
938,2004,2010
939,2004,2010
940,2009,2010
941,2004,2010
942,2004,2010
943,2005,2010
944,2004,2010
945,2005,2010
946,2009,2010
947,2004,2010
948,2006,2010
949,2005,2009
950,2004,2010
951,2007,2010
952,2004,2010
953,2008,2010
954,2004,2010
955,2007,2010
956,2004,2010
957,2009,2010
958,2005,2010
959,2004,2010
995,1970,1994
996,1971,1994
997,1970,1994
998,1971,1994
999,1980,1994
1002,1970,1994
1003,1970,1994
1005,1995,2022
1006,1970,1981
1007,1982,1994
1008,1995,2022
1010,1985,1989
1012,1984,1994
1013,1984,1993
1014,1970,1994
1015,1970,1994
1016,1970,1994
1019,1971,2016
1022,1970,1994
1030,1970,1994
1032,1970,1994
1035,1972,2016
1064,2006,2007
1067,1971,1994
1070,1974,1994
1095,1970,1994
1098,1974,1994
1106,1978,1983
1108,1970,1992
1109,1970,1993
1113,1970,1981
1114,1982,1994
1115,1995,2022
1129,1998,2001
1145,1973,1994
1148,1973,1994
1149,1972,1994
1150,1973,1994
1151,1977,1994
1152,1982,1994
1153,1982,1987
1155,1976,2013
1177,1989,1994
1178,1982,1994
1180,1983,1987
1181,1983,1987
1185,1985,1987
1189,2012,2014
1190,2012,2014
1191,2012,2014
1192,2012,2013
1194,1986,1991
1195,1995,2022
1196,1995,2022
1203,1972,1994
1205,1986,1993
1206,1971,2016
1207,1970,1981
1208,1982,1994
1209,1995,2022
1210,1970,1981
1211,1982,1994
1212,1995,2022
1215,2002,2006
1216,2002,2006
1222,1973,1994
1227,1979,1987
1243,2004,2006
1249,1978,1994
1251,1978,1994
1254,1973,2016
1255,1995,2019
1259,1970,1994
1260,1970,1994
1262,1972,1994
1263,1971,1994
1264,1970,1994
1265,1971,1994
1266,1972,1994
1267,1970,1994
1268,1970,1994
1270,1970,1994
1271,1971,2016
1273,1995,2022
1287,1986,1993
1292,1970,1994
1295,1970,1994
1296,1970,1994
1297,1973,1994
1298,1970,1994
1299,1970,1994
1300,1970,1994
1301,1970,1994
1302,1973,1994
1304,1995,2022
1305,1995,2022
1328,1974,2016
1334,1983,1994
1336,1985,1994
1337,1983,1994
1341,1974,2016
1342,1995,2022
1347,2008,2009
1348,2008,2010
1350,2004,2005
1352,2009,2010
1354,2004,2010
1355,2005,2006
1362,2004,2010
1363,2004,2010
1364,2009,2010
1365,2004,2010
1366,2005,2010
1367,2005,2010
1368,2009,2010
1369,2004,2010
1370,2008,2010
1371,2004,2010
1372,2008,2010
1373,2008,2010
1375,2004,2010
1376,2004,2010
1377,2009,2010
1378,2004,2010
1379,2004,2010
1380,2005,2010
1381,2004,2010
1382,2005,2010
1383,2009,2010
1384,2004,2010
1385,2006,2010
1386,2005,2009
1387,2004,2010
1388,2007,2010
1389,2004,2010
1390,2008,2010
1391,2004,2010
1392,2007,2010
1393,2004,2010
1394,2009,2010
1395,2005,2010
1396,2004,2010
1433,1970,2002
1438,1983,2015
1439,1974,2010
1440,1970,1994
1441,1970,1994
1442,1970,1994
1443,1970,1994
1444,1971,1994
1445,1980,1993
1446,1971,2016
1447,1995,2022
1448,1970,1981
1449,1982,1994
1450,1995,2022
1452,1975,1994
1455,1971,2016
1465,1988,1994
1467,1972,2016
1468,2004,2010
1469,2004,2010
1470,2009,2010
1471,2004,2010
1472,2005,2010
1473,2005,2010
1474,2009,2010
1475,2004,2010
1476,2008,2010
1477,2004,2010
1478,2008,2010
1479,2008,2010
1481,2004,2010
1482,2004,2010
1483,2009,2010
1484,2004,2010
1485,2004,2010
1486,2005,2010
1487,2004,2010
1488,2005,2010
1489,2009,2010
1490,2004,2010
1491,2006,2010
1492,2005,2009
1493,2004,2010
1494,2007,2010
1495,2004,2010
1496,2008,2010
1497,2004,2010
1498,2007,2010
1499,2004,2010
1500,2009,2010
1501,2005,2010
1502,2004,2010
1536,1983,2013
1537,1970,1994
1538,1970,1994
1539,1971,1994
1540,1972,1994
1541,1970,1994
1542,1970,1994
1543,1970,1994
1544,1971,1994
1545,1971,2016
1546,1970,1981
1547,1982,1994
1548,1995,2022
1558,1985,2016
1559,1987,2016
1564,1974,1994
1566,1995,2022
1573,1970,1994
1574,1970,1994
1575,1971,1994
1576,1970,1994
1577,1971,1994
1578,1972,1990
1579,1974,1994
1580,1970,1994
1581,1970,1994
1584,1971,2016
1585,1995,2022
1586,1995,2022
1600,1972,1993
1601,1971,1993
1602,1984,1993
1603,1971,2016
1604,1970,1981
1605,1982,1994
1606,1995,2022
1607,1970,1981
1608,1982,1994
1609,1995,2022
1612,1974,1994
1613,1973,1994
1615,1970,1994
1617,1970,1994
1619,1970,1994
1620,1970,1994
1622,1980,2016
1623,1995,2022
1624,1970,1981
1625,1982,1994
1626,1995,2022
1642,1992,2016
1648,2004,2005
1649,2000,2001
1650,1970,2001
1656,1971,1994
1657,1970,1994
1666,1981,2016
1667,1995,2022
1679,1997,2016
1682,1999,2014
1687,1995,2022
1688,1970,1981
1689,1983,1994
1690,1995,2022
1693,1972,1994
1696,1970,1994
1697,1970,1994
1698,1970,1994
1700,1971,2016
1701,1995,2022
1702,1995,2022
1706,1970,1994
1710,1970,1994
1711,1970,1994
1713,1971,2016
1714,1995,2022
1715,1970,1981
1716,1982,1994
1717,1995,2022
1720,1991,1993
1723,1976,1994
1728,1976,1994
1737,1982,1993
1738,1983,1993
1740,1977,2000
1741,1970,1994
1743,1970,1994
1744,1970,1994
1745,1973,1993
1746,1971,1994
1747,1970,1994
1750,1974,2015
1751,1995,2022
1752,1970,1981
1753,1982,1994
1754,1995,2022
1766,1973,1993
1767,1971,2016
1768,1995,2022
1793,1971,1994
1794,1973,1993
1809,1984,1994
1810,1992,1994
1816,2006,2007
1819,1984,1988
1823,1971,1994
1825,1978,1994
1826,1977,1994
1829,1974,1993
1831,1972,1993
1836,1970,1994
1837,1970,1994
1842,1970,1994
1843,1973,1994
1844,1972,1994
1845,1974,1994
1846,1974,1994
1847,1974,1994
1849,1995,2022
1852,1983,1994
1858,2013,2015
1865,1970,1994
1866,1970,1994
1877,2006,2008
1883,1970,1994
1884,1970,1994
1886,1970,1994
1887,1971,1994
1888,1970,1994
1889,1970,1994
1890,1973,1994
1891,1970,1994
1892,1970,1994
1895,1971,2016
1896,1995,2022
1897,1970,1981
1898,1982,1994
1899,1995,2022
1901,1971,1994
1902,1970,1994
1903,1970,1994
1905,1970,1994
1906,1972,1994
1907,1973,1994
1911,1971,2016
1912,1995,2022
1913,1984,1994
1917,1970,1994
1918,1971,1994
1919,1970,1994
1920,1970,1994
1921,1972,1993
1922,1970,1994
1923,1970,1994
1924,1970,1994
1925,1970,1994
1926,1971,1991
1927,1980,1993
1928,1971,2016
1929,1995,2022
1930,1995,2022
1933,1978,1994
1937,1985,1987
1938,1985,2016
1939,2004,2010
1940,2004,2010
1941,2009,2010
1942,2004,2010
1943,2005,2010
1944,2005,2010
1945,2009,2010
1946,2004,2010
1947,2008,2010
1948,2004,2010
1949,2008,2010
1950,2008,2010
1951,2009,2010
1952,2004,2010
1953,2004,2010
1954,2009,2010
1955,2004,2010
1956,2004,2010
1957,2005,2010
1958,2004,2010
1959,2005,2010
1960,2009,2010
1961,2004,2010
1962,2006,2010
1963,2005,2009
1964,2004,2010
1965,2007,2010
1966,2004,2010
1967,2008,2010
1968,2004,2010
1969,2007,2010
1970,2004,2010
1971,2009,2010
1972,2005,2010
1973,2004,2010
2009,1979,1993
2010,1975,1990
2011,1970,1994
2012,1973,1994
2013,1970,1994
2014,1975,1994
2015,1978,1994
2016,1974,1994
2017,1970,1994
2018,1970,1994
2019,1970,1994
2020,1971,1994
2022,1974,2016
2023,1995,2022
2024,1995,2022
2033,2004,2009
2034,2005,2009
2035,2008,2010
2036,2004,2010
2037,2008,2010
2039,2008,2010
2040,2004,2010
2042,2009,2010
2043,2006,2010
2046,2004,2010
2047,2006,2010
2048,2005,2008
2049,2004,2008
2065,2004,2010
2067,2008,2009
2069,2007,2010
2071,2007,2009
2072,2007,2008
2073,2008,2010
2074,2004,2006
2075,2004,2010
2076,2005,2008
2077,2007,2010
2078,2007,2008
2081,2005,2008
2082,2005,2010
2083,2004,2010
2094,2008,2010
2095,2008,2009
2096,2011,2013
2097,2011,2013
2098,2010,2011
2099,2010,2011
2100,2010,2011
2101,2010,2011
2102,2010,2011
2103,2009,2013
2107,2008,2009
2108,2008,2010
2109,2008,2009
2110,2009,2010
2116,1970,1994
2117,1973,1994
2119,1970,1994
2122,1970,1994
2123,1970,1994
2124,1970,1994
2127,1971,2016
2128,1995,2022
2129,1995,2022
2131,1994,1998
2134,1971,1994
2137,1976,1994
2138,1986,1994
2139,1970,1994
2144,1971,2016
2148,1970,1994
2149,1972,1994
2150,1972,1994
2152,1971,1994
2153,1972,1994
2155,1971,2016
2156,1995,2022
2159,1995,2022
2167,1982,1987
2171,1970,1994
2172,1970,1994
2174,1970,1994
2175,1971,1994
2176,1970,1994
2177,1973,1994
2178,1970,1994
2179,1970,1994
2180,1970,1994
2181,1971,2016
2182,1995,2022
2185,1995,2022
2188,1973,1988
2196,2010,2011
2197,2005,2016
2211,2005,2016
2212,1970,2014
2229,1970,2014
2230,1970,2014
2232,1970,2014
2233,1970,2014
2234,1970,2014
2236,1970,2014
2238,1970,2014
2241,1970,2014
2242,1970,2014
2244,2000,2014
2246,1970,2014
2248,1970,2014
2249,1970,2014
2250,1970,2014
2251,1987,2011
2252,1970,2014
2253,1970,2014
2254,1970,2012
2255,1970,2014
2256,2001,2012
2261,1985,2011
2262,1985,2012
2263,1985,2013
2264,1985,2014
2265,1985,2014
2266,1985,2006
2268,1991,1993
2269,1989,1992
2271,1971,2016
2274,1985,1994
2281,1979,1994
2283,1995,2022
2284,1995,2022
2288,2008,2010
2291,2007,2008
2292,2004,2005
2295,1983,1994
2297,1983,1994
2298,1983,1994
2299,1970,1994
2300,1970,1994
2302,1971,2016
2303,1995,2016
2304,1972,1981
2305,1982,1994
2306,1995,2016
2310,2004,2010
2311,2009,2010
2312,2004,2010
2313,2007,2010
2314,2005,2010
2315,2009,2010
2316,2004,2010
2318,2004,2010
2319,2008,2010
2320,2008,2010
2322,2004,2010
2323,2004,2010
2324,2009,2010
2325,2004,2010
2326,2004,2010
2327,2005,2010
2328,2004,2010
2329,2005,2010
2330,2009,2010
2332,2006,2010
2333,2005,2009
2334,2004,2010
2335,2007,2010
2336,2004,2010
2337,2008,2010
2338,2004,2010
2339,2007,2010
2340,2004,2010
2341,2005,2010
2342,2004,2010
2379,1970,1994
2380,1971,1994
2381,1973,1994
2382,1970,1994
2383,1972,1994
2384,1970,1994
2385,1970,1994
2386,1972,1994
2387,1980,1993
2388,1972,2016
2389,1995,2022
2390,1995,2022
2403,2004,2010
2404,2004,2010
2405,2009,2010
2406,2004,2010
2408,2005,2010
2409,2009,2010
2410,2004,2010
2411,2008,2010
2412,2004,2010
2414,2004,2010
2415,2009,2010
2417,2004,2010
2418,2005,2010
2419,2004,2010
2421,2009,2010
2422,2004,2010
2423,2006,2010
2424,2005,2009
2425,2004,2010
2426,2007,2010
2427,2004,2010
2428,2009,2010
2429,2004,2010
2430,2007,2010
2432,2009,2010
2433,2005,2010
2434,2004,2010
2438,1970,1994
2440,1970,1994
2443,1995,2022
2444,1970,1981
2445,1982,1994
2446,1995,2022
2479,2004,2010
2480,2004,2010
2481,2009,2010
2482,2004,2010
2483,2005,2010
2484,2005,2010
2485,2009,2010
2486,2004,2010
2487,2008,2010
2488,2004,2010
2489,2008,2010
2490,2008,2010
2492,2004,2010
2493,2004,2010
2494,2009,2010
2495,2004,2010
2496,2004,2010
2497,2005,2010
2498,2004,2010
2499,2005,2010
2500,2009,2010
2501,2004,2010
2502,2006,2010
2503,2005,2009
2504,2004,2010
2506,2004,2010
2507,2008,2010
2508,2004,2010
2509,2007,2010
2510,2004,2010
2511,2009,2010
2512,2005,2010
2513,2004,2010
2559,1983,2008
2560,1980,2016
2571,1996,2001
2583,1970,1994
2584,1970,1994
2585,1970,1994
2586,1970,1994
2587,1973,1994
2588,1970,1994
2589,1970,1994
2590,1973,1994
2591,1970,1994
2592,1970,1994
2594,1971,2016
2595,1995,2022
2605,2015,2016
2606,2015,2016
2607,2015,2016
2608,2015,2016
2609,2015,2016
2610,2015,2016
2611,2015,2016
2612,2015,2016
2613,2015,2016
2614,2015,2016
2615,2015,2016
2616,2004,2010
2617,2009,2010
2618,2009,2010
2619,2004,2010
2622,2007,2008
2624,2008,2009
2626,2008,2009
2627,2007,2009
2631,2003,2004
2637,1970,1994
2639,1971,2016
2640,1995,2022
2642,1984,1994
2643,1995,2022
2648,1971,1993
2649,1984,1993
2650,1974,2016
2652,1996,2022
2710,2003,2004
2716,1971,1994
2717,1970,1994
2718,1971,1994
2719,1972,1994
2720,1972,1994
2734,1972,1993
2735,1970,1994
2736,1989,1991
2783,1978,1994
2787,1982,1987
2788,1985,1987
2794,1982,1987
2795,1982,1986
2796,1985,1987
2801,1970,1994
2803,1985,1994
2805,1978,1993
2806,1972,1994
2807,1971,1994
2808,1980,1993
2809,1984,2012
2810,1995,2022
2811,1970,1981
2812,1982,1994
2813,1995,2022
2824,1982,1987
2832,1982,1987
2833,1985,1987
2834,2004,2010
2837,2008,2010
2838,2008,2009
2840,2004,2010
2841,2009,2010
2842,2005,2010
2844,2005,2010
2845,2004,2010
2846,2009,2010
2850,2006,2010
2851,2006,2010
2852,2004,2010
2864,1972,2016
2865,1972,1973
2879,1984,1988
2880,1984,1988
2881,1984,1988
2882,1984,1988
2896,1984,1994
2897,1985,1994
2898,1970,1994
2899,1970,1994
2900,1970,1994
2901,1970,1994
2903,1980,1993
2904,1971,2016
2905,1995,2022
2906,1995,2021
2912,1991,1993
2915,1979,1993
2916,1973,1994
2918,1984,1993
2919,1995,2022
2920,1995,2022
2923,1970,1994
2924,1971,1994
2925,1970,1994
2926,1970,1994
2927,1973,1994
2928,1970,1994
2929,1970,1994
2930,1970,1994
2931,1971,1994
2932,1981,1993
2933,1971,2016
2934,1995,2022
2935,1995,2022
2961,2007,2008
2965,2004,2005
2975,1970,1994
2976,1970,1994
2977,1970,1994
2980,1971,2016
2981,1995,2022
2982,1995,2022
2983,1971,2016
2985,1975,1994
2990,2011,2017
2992,1987,2014
2993,2009,2015
2994,2009,2015
2995,2013,2014
2996,1981,2019
2997,2006,2019
2999,2015,2017
3004,1984,2015
3009,2008,2009
3010,2009,2017
3011,2014,2017
3012,2014,2017
3013,2014,2017
3014,2014,2017
3019,1998,2016
3020,1977,2016
3022,1971,1982
3026,1998,2012
3028,2000,2003
3034,2016,2017
3041,2004,2005
3046,1999,2005
3047,2001,2017
3050,1970,2015
3057,2000,2005
3067,2001,2003
3073,2003,2004
3078,1970,2014
3079,1987,2015
3080,1970,2014
3081,2005,2008
3082,2016,2022
3083,1999,2022
3084,2008,2012
3085,2008,2010
3086,2008,2012
3087,2008,2012
3088,2008,2012
3090,1985,1995
3091,2008,2012
3092,2008,2012
3093,2008,2012
3094,2013,2016
3096,2013,2016
3097,2013,2016
3098,2013,2016
3099,2013,2016
3100,2013,2016
3102,2013,2016
3103,2013,2014
3105,2015,2016
3106,2015,2016
3107,2015,2016
3108,2015,2016
3109,2006,2007
3111,2011,2015
3119,2011,2015
3120,2010,2022
3121,2010,2022
3122,2012,2022
3123,2010,2022
3124,2010,2022
3126,2010,2022
3127,2010,2022
3128,2010,2022
3129,2005,2022
3130,2010,2022
3132,2010,2014
3134,1976,2020
3135,2005,2014
3136,2008,2017
3137,2008,2017
3139,2002,2017
3140,2013,2017
3141,2005,2008
3142,2006,2022
3143,2006,2022
3144,2006,2017
3145,2006,2022
3146,2006,2021
3147,2006,2022
3148,2008,2022
3150,2008,2022
3155,2005,2014
3158,1999,2016
3159,2004,2018
3161,2005,2014
3166,2005,2014
3167,1994,2017
3168,1996,2015
3169,2005,2014
3170,2005,2013
3171,2007,2016
3172,2015,2017
3173,2014,2016
3174,2005,2014
3175,2005,2013
3176,2005,2014
3177,2005,2014
3179,2005,2014
3180,2005,2014
3181,2005,2014
3182,2005,2014
3184,2015,2017
3185,1996,2015
3186,2015,2017
3187,1995,2018
3188,1995,2018
3189,1995,2018
3190,1995,2018
3191,1995,2018
3192,1996,2015
3194,1996,1999
3197,1995,2015
3198,1995,2015
3199,2014,2016
3200,2015,2017
3201,2015,2017
3202,2005,2013
3203,2005,2012
3204,2005,2014
3205,2005,2014
3206,2005,2014
3208,2005,2014
3209,2014,2016
3210,2015,2017
3211,2014,2016
3225,1971,2017
3226,1971,2017
3298,2005,2014
3299,2005,2014
3300,2014,2016
3302,2015,2017
3303,2005,2014
3304,1986,2005
3306,2015,2017
3307,2006,2014
3308,2015,2017
3309,1981,2020
3313,2008,2015
3315,2005,2014
3319,1997,2019
3320,1999,2016
3321,2004,2022
3322,2004,2022
3323,1996,2018
3324,2004,2022
3325,2004,2022
3326,2004,2022
3328,2004,2022
3329,2004,2021
3331,2006,2022
3332,2010,2014
3333,2004,2022
3334,1975,2017
3335,2004,2022
3336,2004,2022
3337,2004,2022
3341,2004,2022
3342,2004,2022
3343,2004,2022
3344,2004,2022
3346,2004,2022
3347,2004,2022
3348,2004,2022
3353,2013,2022
3354,1992,2022
3355,1992,2022
3357,2004,2020
3358,1992,2022
3359,1992,2022
3360,1992,2021
3361,1992,2021
3362,1992,2022
3363,2014,2015
3364,1992,2020
3365,2017,2018
3366,2013,2022
3367,1996,2019
3371,1993,2022
3372,1992,2022
3373,1995,2022
3375,1992,2022
3376,2013,2022
3382,1992,2022
3384,2013,2022
3385,1992,2022
3386,1992,2022
3387,1992,2022
3389,2004,2022
3390,1992,2021
3392,1992,2022
3399,2004,2022
3430,2004,2022
3436,2013,2022
3438,1992,2022
3439,1993,2004
3441,2004,2022
3446,1992,2022
3448,2007,2008
3449,2007,2008
3450,2004,2022
3452,2007,2008
3453,2007,2008
3454,2007,2008
3458,2007,2008
3460,2004,2022
3461,2007,2008
3462,2007,2008
3463,2007,2008
3465,2007,2008
3466,2007,2008
3470,2007,2008
3471,1974,2019
3472,2007,2008
3473,2007,2008
3474,2007,2008
3475,2007,2008
3476,2007,2008
3492,2004,2022
3503,2004,2022
3535,2013,2022
3536,2013,2022
3539,2014,2022
3540,1992,2022
3541,1992,2022
3544,2013,2022
3546,1992,2022
3549,2013,2022
3551,2004,2022
3552,2013,2022
3553,1992,2022
3557,1992,2022
3558,1992,2022
3581,2004,2022
3592,2004,2022
3610,2001,2022
3611,2001,2022
3612,2001,2022
3615,2001,2022
3617,2001,2022
3618,2001,2022
3619,2001,2022
3620,2001,2022
3621,2001,2022
3622,2001,2022
3623,2001,2022
3625,2001,2022
3626,2001,2022
3631,2003,2022
3632,2003,2022
3634,2001,2022
3636,2001,2022
3637,2001,2022
3646,2004,2022
3656,2004,2022
3676,1999,2019
3677,2004,2022
3684,2004,2022
3686,2004,2022
3687,2004,2022
3688,2008,2022
3689,2004,2022
3690,2004,2022
3691,2004,2022
3692,1970,2022
3696,2004,2022
3698,2004,2022
3699,2004,2022
3700,2004,2022
3701,2004,2022
3703,1970,2022
3704,2004,2022
3705,2004,2022
3707,2004,2021
3708,2004,2020
3709,2004,2022
3710,2004,2022
3711,2004,2022
3712,1997,2019
3714,2004,2022
3716,2004,2018
3717,2005,2022
3718,2004,2021
3720,2004,2021
3721,2004,2022
3723,2004,2022
3724,2004,2022
3726,2005,2022
3727,2004,2019
3728,2004,2022
3729,2019,2021
3731,2005,2022
3732,2009,2015
3734,2004,2022
3735,2004,2022
3740,2004,2022
3741,2004,2022
3744,2006,2022
3745,2006,2021
3746,2004,2022
3747,2004,2022
3748,2004,2022
3751,2005,2022
3752,2004,2022
3754,2004,2022
3755,2004,2022
3756,2004,2022
3757,2004,2022
3758,2004,2022
3759,2004,2022
3760,2004,2022
3764,2004,2021
3765,2004,2022
3766,2007,2022
3767,2004,2022
3769,2004,2022
3771,2004,2022
3778,2004,2022
3779,2004,2022
3782,2014,2022
3784,2004,2021
3785,2005,2022
3786,2004,2022
3787,2004,2022
3788,2004,2022
3789,2004,2022
3792,2004,2022
3793,2004,2022
3796,2006,2022
3803,2004,2022
3804,2004,2022
3805,2004,2022
3806,2006,2022
3808,1996,2019
3816,2004,2022
3817,2004,2022
3821,2004,2022
3822,2004,2022
3824,2002,2018
3825,2002,2018
3826,2002,2018
3827,2002,2018
3829,2015,2021
3830,2011,2022
3831,2010,2015
3834,2010,2013
3836,2010,2016
3840,2015,2021
3841,2011,2022
3842,2010,2015
3845,2010,2013
3847,2010,2016
3851,2015,2021
3852,2011,2022
3853,2010,2015
3856,2010,2013
3858,2010,2016
3865,2010,2011
3869,2010,2011
3874,2010,2011
3876,2020,2021
3877,2020,2021
3878,2020,2021
3889,2019,2020
3891,2019,2022
3897,2019,2020
3899,2019,2022
3904,2019,2020
3907,2019,2022
3910,2015,2022
3912,2011,2015
3913,2012,2013
3916,1970,2019
3918,2015,2022
3920,2011,2015
3921,2012,2013
3924,2015,2022
3926,2011,2015
3927,2012,2013
3930,2014,2015
3931,2018,2022
3932,2018,2020
3933,2015,2022
3936,2010,2022
3937,2014,2015
3938,2018,2022
3940,2018,2020
3941,2015,2022
3944,2010,2022
3945,2014,2015
3946,2018,2022
3947,2018,2020
3948,2015,2022
3952,2010,2022
3955,2019,2020
3958,2019,2020
3962,2019,2020
3964,2017,2022
3965,2018,2020
3967,2011,2022
3969,2011,2012
3970,2016,2021
3973,2015,2022
3974,2015,2022
3975,2017,2022
3976,2018,2020
3978,2011,2022
3980,2011,2012
3981,2016,2021
3984,2015,2022
3985,2015,2022
3986,2017,2022
3987,2018,2020
3989,2011,2022
3991,2011,2012
3992,2016,2021
3995,2015,2022
3996,2015,2022
4009,2018,2022
4015,2018,2022
4022,2018,2022
4025,2017,2022
4027,1972,2019
4029,2014,2015
4030,2015,2021
4031,2014,2022
4033,2017,2022
4035,2014,2015
4036,2015,2021
4037,2014,2022
4040,2017,2022
4042,2014,2015
4043,2015,2021
4044,2014,2022
4047,2013,2014
4050,1970,2022
4051,2012,2018
4052,2014,2021
4053,2016,2022
4055,2014,2015
4057,2013,2014
4060,2012,2018
4061,1970,2022
4062,2014,2021
4063,2016,2022
4065,2014,2015
4067,2013,2014
4070,2012,2018
4071,2014,2021
4072,1970,2022
4073,2016,2022
4075,2014,2015
4078,2010,2011
4080,2010,2011
4082,2010,2011
4083,1970,2022
4086,2006,2022
4087,1984,2022
4088,1984,2022
4089,1992,2022
4090,1975,2010
4091,2011,2019
4092,1997,2014
4093,1989,2019
4095,2011,2019
4096,2011,2019
4097,2011,2019
4098,2011,2019
4099,2011,2019
4100,1975,2022
4101,1999,2019
4105,1996,2018
4106,1995,2015
4107,1992,2015
4108,1978,2022
4109,1970,2022
4110,1970,2022
4111,1970,2022
4112,1970,2022
4113,1970,2022
4114,1970,2022
4115,1970,2022
4116,1970,2021
4117,1970,2022
4118,1970,2021
4119,1970,2022
4120,1970,2021
4121,1970,2022
4122,1970,2021
4123,1972,2009
4124,1970,2022
4125,1970,2022
4126,1970,2021
4127,1970,2022
4128,1970,2022
4129,1970,2022
4130,1970,2022
4131,1970,2022
4132,1970,2021
4133,1970,2022
4134,1970,2022
4135,1970,2022
4136,1980,2019
4137,1970,2022
4138,1970,2021
4139,1970,2022
4140,1970,2022
4141,1970,2022
4142,1970,2022
4143,1970,2022
4144,1970,2022
4145,1970,2021
4146,1970,2022
4147,1970,2022
4148,1970,2022
4149,1970,2021
4150,1970,2022
4151,1970,2022
4152,1970,2022
4153,1970,2022
4154,1970,2021
4155,1970,2022
4156,1970,2021
4157,1970,2022
4158,1970,2022
4159,1970,2021
4160,1970,2022
4161,1970,2022
4162,1970,2022
4163,1970,2021
4164,1970,2021
4165,1970,2022
4166,1970,2022
4167,1970,2022
4168,1970,2022
4169,1970,2022
4170,1970,2021
4171,1970,2021
4172,1970,2022
4173,1976,2017
4174,1970,2022
4175,1970,2022
4176,1970,2022
4177,1970,2021
4178,1970,2021
4179,1970,2021
4180,1976,2022
4181,1970,2022
4182,1970,2022
4183,1970,2022
4184,1970,2021
4185,1970,2022
4186,1970,2022
4187,1970,2022
4188,1970,2021
4189,1970,2021
4190,2000,2017
4191,1970,2022
4192,1970,2021
4193,1970,2021
4194,1970,2021
4195,1970,2021
4196,1970,2022
4197,1970,2022
4198,1970,2022
4199,1970,2022
4200,1980,2019
4201,1970,2022
4202,1970,2021
4203,1970,2022
4204,1970,2022
4205,1970,2021
4206,1970,2022
4207,1970,2021
4208,1984,2018
4209,1970,2022
4210,1970,2022
4211,1970,2022
4212,1984,2022
4213,1970,2022
4214,1970,2022
4215,1980,2019
4216,1970,2022
4217,1970,2021
4218,1970,2022
4219,1970,2022
4220,1970,2021
4221,1980,2019
4222,1970,2022
4223,1970,2022
4224,1970,2021
4225,1970,2022
4226,1970,2022
4227,1980,2019
4228,1970,2021
4229,1970,2021
4230,1970,2022
4231,1979,2017
4232,1970,2022
4233,1970,2022
4234,1970,2022
4235,1970,2021
4236,1970,2022
4237,1970,2022
4238,1970,2022
4239,1970,2022
4240,1970,2022
4241,1970,2022
4242,1980,2019
4243,1970,2022
4244,1970,2022
4245,1970,2022
4246,1970,2022
4247,1970,2022
4248,1970,2022
4249,1973,2018
4250,1973,2022
4251,1970,2022
4252,1970,2022
4253,1970,2022
4254,1970,2021
4255,1970,2021
4256,1970,2022
4257,1970,2022
4258,1970,2021
4259,1970,2022
4260,1970,2021
4261,1970,2022
4262,1970,2021
4263,1970,2022
4264,1970,2022
4265,1970,2022
4266,1970,2022
4267,1970,2022
4268,1970,2022
4269,1970,2022
4270,1970,2021
4271,1970,2022
4272,1970,2022
4273,1970,2022
4274,1980,2019
4275,1970,2022
4276,1970,2021
4277,1970,2021
4278,1970,2022
4279,1970,2022
4280,1970,2021
4281,1970,2022
4282,1970,2021
4283,1970,2022
4284,1970,2022
4285,1980,2019
4286,1970,2022
4287,1970,2022
4288,1970,2022
4289,1970,2022
4290,1970,2021
4291,1970,2022
4292,1970,2022
4293,1970,2022
4294,1980,2019
4295,1970,2022
4296,1970,2021
4297,1970,2022
4298,1970,2022
4299,1970,2022
4300,1970,2022
4301,1970,2022
4302,1970,2022
4303,1970,2022
4304,1970,2021
4305,1970,2022
4306,1970,2022
4307,1970,2021
4308,1970,2021
4309,1970,2022
4310,1984,2022
4311,1970,2022
4312,1970,2021
4313,1970,2021
4314,1970,2022
4315,1970,2022
4316,1970,2021
4317,1970,2021
4318,1970,2022
4319,1970,2022
4320,1970,2022
4321,1980,2019
4322,1970,2022
4323,1970,2022
4324,1970,2021
4325,1980,2019
4326,1970,2022
4327,1970,2022
4328,1970,2022
4329,1970,2022
4330,1970,2022
4331,1970,2022
4332,1970,2022
4333,1980,2019
4334,1980,2019
4335,1970,2022
4336,1970,2022
4337,1980,2019
4338,1970,2021
4339,1970,2021
4340,1970,2021
4341,1970,2021
4342,1970,2021
4343,1970,2022
4344,1970,2022
4345,1970,2022
4346,1970,2022
4347,1970,2022
4348,1970,2022
4349,1970,2022
4350,1970,2021
4351,1970,2022
4352,1980,2019
4353,1970,2022
4354,1970,2021
4355,1970,2021
4356,1970,2022
4357,1970,2022
4358,1970,2022
4359,1970,2022
4360,1970,2022
4361,1970,2010
4362,1970,2022
4363,1970,2022
4364,1970,2022
4365,1970,2022
4366,1970,2022
4367,1984,2019
4368,1970,2022
4369,1970,2021
4370,1970,2022
4371,1970,2022
4372,1970,2022
4373,1970,2022
4374,1970,2022
4375,1970,2022
4376,1970,2022
4377,1970,2022
4378,1970,2022
4379,1970,2021
4380,1970,2022
4381,1970,2022
4382,1990,2022
4383,1970,2021
4384,1970,2022
4385,1970,2022
4386,1970,2022
4387,1970,2021
4388,1970,2021
4389,1970,2022
4390,1970,2022
4391,1980,2019
4392,1970,2022
4393,1970,2021
4394,1970,2022
4395,1980,2019
4396,1970,2021
4397,1979,2015
4398,1970,2022
4399,1970,2021
4400,1970,2021
4401,1970,2021
4402,1970,2022
4403,1970,2022
4404,1978,2022
4405,1970,2021
4406,1970,2022
4407,1970,2022
4408,1970,2021
4409,1970,2022
4410,1970,2022
4411,1970,2022
4412,1970,2022
4413,1970,2021
4414,1970,2022
4415,1970,2022
4416,1970,2022
4417,1970,2022
4418,1970,2021
4419,1970,2021
4420,1970,2022
4421,1970,2022
4422,1970,2022
4423,1970,2022
4424,1970,2022
4425,1970,2022
4426,1970,2022
4427,1970,2021
4428,1970,2022
4429,1970,2022
4430,1980,2019
4431,1970,2022
4432,1970,2022
4433,1970,2022
4434,1970,2022
4435,1970,2022
4436,1970,2022
4437,1970,2022
4438,1970,2022
4439,1970,2021
4440,1974,2018
4441,1970,2022
4442,1970,2022
4443,1970,2022
4444,1970,2022
4445,1970,2022
4446,1970,2022
4447,1970,2022
4448,1970,2022
4449,1970,2022
4450,1970,2022
4451,1970,2022
4452,1970,2022
4453,1970,2021
4454,1970,2021
4455,1970,2021
4456,1970,2021
4457,1970,2021
4458,1970,2022
4459,1970,2021
4460,1970,2022
4461,1970,2022
4462,1970,2022
4463,1970,2022
4464,1970,2022
4465,1970,2022
4466,1980,2019
4467,1970,2022
4468,1970,2022
4469,1980,2019
4470,1970,2022
4471,1970,2021
4472,1976,2019
4473,1970,2022
4474,1970,2022
4475,1970,2022
4476,1970,2022
4477,1970,2022
4478,1970,2021
4479,1970,2022
4480,1970,2022
4481,1970,2022
4482,1970,2022
4483,1991,2019
4484,1970,2022
4485,1970,2022
4486,1970,2022
4487,1970,2022
4488,1970,2022
4489,1970,2022
4490,1970,2022
4491,1970,2022
4493,1970,2021
