ID,min_year,max_year
1,1970,1988
2,1975,1988
3,1980,1987
4,1980,2002
5,1971,1996
6,1970,1993
7,1970,1993
8,1970,1993
9,1970,1993
10,1970,1994
11,1970,1993
12,1970,1994
13,1970,1993
14,1970,1994
15,1970,1995
16,1970,1994
17,1970,1992
18,1970,1983
19,1970,1991
20,1970,1988
21,1970,1988
22,1970,1988
23,1974,1991
24,1974,1988
25,1977,1991
26,1977,1990
27,1971,1992
28,1976,1988
38,1978,2000
39,1973,1986
40,1987,2011
41,1987,2011
42,1987,2011
43,1990,2000
46,1970,2005
47,1970,2001
48,1970,1995
49,1995,2004
65,1993,2002
66,1986,1994
67,1980,2001
68,1971,1995
69,1984,2000
70,1975,2001
71,1975,2001
72,1984,2001
73,1998,2001
74,1970,1974
75,1970,1993
76,1970,1992
77,1985,1993
136,1995,1998
137,1995,1999
138,1995,1999
140,1978,2004
141,1996,2004
142,1996,2013
143,1972,1995
144,1996,2012
159,1970,2007
160,1970,2007
161,1970,2007
162,1970,2007
163,1970,2007
164,1998,2004
165,1978,2010
166,1970,2010
167,1993,2007
168,1993,2010
169,1993,2010
174,1998,1999
191,1975,1976
193,1970,1971
194,1988,1997
196,1993,1997
197,1993,1997
199,1970,1979
200,1970,1979
201,1978,1989
202,1973,1981
203,1973,1981
204,1973,1981
205,1973,1981
211,1973,1981
219,1971,2008
222,1984,2006
223,1983,2001
224,1970,2000
225,1971,2008
226,1970,2008
227,1970,2010
228,1981,2005
229,1971,2008
230,1997,2008
231,1970,2008
233,1970,1982
234,1970,1977
235,1970,1977
236,1977,2019
237,1984,1992
238,1970,1989
239,1970,1981
240,1971,1981
241,1980,1992
242,1970,2004
243,1995,2010
245,1970,2002
252,1989,2004
253,1970,2001
254,1971,2003
265,1994,2000
266,1994,2000
267,1970,2013
268,1991,2010
269,1991,2010
270,1978,2009
271,1991,2010
272,1991,2010
273,1978,2009
339,2002,2007
353,1989,2010
357,1991,2012
358,2009,2012
359,2001,2012
360,1987,2012
362,1987,2012
364,2003,2012
365,2004,2012
366,1989,2012
367,2004,2012
368,1987,2012
370,2005,2011
371,2003,2012
373,2003,2011
375,1989,2012
376,1999,2012
377,2003,2012
379,2001,2012
380,1997,2012
381,2007,2012
382,2008,2012
383,1987,2012
384,2003,2012
385,2003,2012
387,1987,2012
388,2003,2012
389,2002,2012
390,2006,2012
394,1976,2008
395,2009,2010
396,2006,2012
435,1975,1982
436,1985,1995
437,1996,2010
438,1996,2010
439,1996,2010
440,1996,2008
441,1996,2010
442,1999,2010
443,1995,2009
444,1995,2009
445,1995,2009
452,1992,2002
453,1981,2009
454,1988,2009
455,1970,2010
456,1970,2010
457,1970,2010
458,1970,2010
459,1995,2001
484,2005,2008
489,2005,2008
490,2001,2007
491,2008,2012
492,2008,2013
493,2008,2013
494,2009,2013
495,2008,2012
496,2008,2012
497,2008,2013
498,2008,2013
499,2009,2013
500,2010,2012
501,2009,2013
502,2009,2013
504,1970,2014
505,1999,2006
506,1999,2006
508,1999,2006
509,1980,2008
510,1996,2009
511,1996,2009
512,1996,2009
513,1996,2008
514,1995,2009
515,1995,2009
516,1970,1980
517,1983,2008
518,1996,2004
519,1995,2004
520,1984,2003
521,1997,2005
522,1997,2005
523,1997,2005
524,1971,1994
525,1996,2006
526,1986,1992
550,1996,2007
551,1996,2007
552,1996,2003
553,1996,2007
583,1997,2006
585,1971,2007
587,1987,2000
589,1970,2001
590,1970,2010
591,1987,2010
592,1990,2012
593,1994,2010
594,1990,2010
595,1988,2009
596,1988,2009
597,1982,2009
598,1971,2011
599,1985,2012
600,1970,2012
601,1972,2012
602,1982,2009
608,1979,2004
623,1994,2012
624,1991,2008
627,1999,2005
628,1999,2005
630,2002,2011
631,1997,2011
632,2002,2011
634,1997,2011
635,2001,2011
636,1997,2011
637,1984,2003
641,1984,2003
643,1984,2003
646,2002,2003
647,2002,2003
648,2002,2003
649,2002,2003
650,2002,2003
651,2002,2003
653,2002,2003
654,2002,2003
656,2002,2003
657,2002,2003
659,1984,2003
666,1984,2003
668,1984,2003
669,1984,2003
670,1984,2003
671,1984,2003
672,1984,2003
673,1984,2003
674,1984,2003
675,1984,2003
676,1984,2003
677,1984,2003
678,1984,2003
679,1989,1998
696,1970,1994
697,1970,1994
707,1970,1994
710,1970,1994
711,1970,1994
712,1970,1994
716,1970,1994
717,2006,2011
740,1996,2018
741,1985,2018
742,1990,2020
743,1973,2019
744,1987,2019
776,2005,2011
777,1992,1999
778,2006,2016
779,2009,2013
780,2012,2016
781,2007,2013
793,2007,2016
794,2004,2014
795,1975,1986
796,1977,1984
797,1980,1992
798,1971,1993
799,1970,1994
800,1971,1994
801,1987,1993
802,1971,2016
803,1996,2022
804,1996,2022
805,1977,1993
806,1970,1994
807,1981,1994
808,1988,1993
809,1972,2016
810,1997,2022
811,1995,2022
812,1978,1991
813,1978,1991
814,1970,1994
815,1970,1994
816,1970,1994
817,1970,1994
818,1972,1994
819,1970,1994
820,1970,1994
821,1972,1994
822,1970,1994
823,1970,1994
824,1970,1994
825,1970,1994
826,1971,1994
827,1980,1993
828,1971,2016
829,1995,2022
830,1995,2022
832,2004,2008
833,2005,2008
834,2005,2009
835,2009,2010
836,2004,2009
837,2005,2010
838,2008,2010
839,2011,2014
840,2011,2014
841,2011,2014
842,2011,2014
843,1970,1994
844,1975,1994
845,1970,1994
846,1979,1993
847,1980,1989
848,1977,2016
849,1970,1981
850,1983,1994
851,1995,2022
852,2000,2022
853,2003,2015
854,2005,2015
855,2004,2014
856,1978,1988
857,1977,1988
858,1970,1994
859,1970,1994
860,1973,1993
861,1970,1994
862,1973,1994
863,1974,1990
864,1970,1993
865,1973,1992
866,1982,1987
867,1974,2010
868,1995,2020
869,1970,1981
870,1982,1994
871,1995,2016
872,1978,1991
873,1977,1991
874,1970,1994
875,1970,1994
876,1970,1994
877,1970,1994
878,1971,1994
879,1970,1994
880,1971,1994
881,1972,1994
882,1972,1993
883,1980,1993
884,1971,2016
885,1970,1981
886,1982,1994
887,1995,2022
888,1970,1981
889,1982,1994
890,1995,2022
891,1978,1991
892,1977,1991
893,1970,1994
894,1970,1994
895,1973,1981
896,1970,1994
897,1977,1993
898,1970,1993
899,1971,1994
900,1972,1990
901,1970,1994
902,1973,1991
903,1979,1990
904,1981,2015
905,1996,2008
906,2003,2015
907,2005,2013
908,2004,2016
909,2003,2015
910,2003,2021
911,2005,2015
912,2005,2021
913,2004,2016
914,2006,2016
917,2006,2016
918,1978,1988
919,1978,1988
920,1973,1994
921,1970,1994
922,1977,1994
923,1976,1994
924,1982,1987
925,2004,2010
926,2004,2010
927,2009,2010
928,2004,2010
929,2005,2010
930,2005,2010
931,2009,2010
932,2004,2010
933,2008,2010
934,2004,2010
935,2008,2010
936,2008,2010
937,2006,2010
938,2004,2010
939,2004,2010
940,2009,2010
941,2004,2010
942,2004,2010
943,2005,2010
944,2004,2010
945,2005,2010
946,2009,2010
947,2004,2010
948,2006,2010
949,2005,2009
950,2004,2010
951,2007,2010
952,2004,2010
953,2008,2010
954,2004,2010
955,2007,2010
956,2004,2010
957,2009,2010
958,2005,2010
959,2004,2010
960,2011,2014
961,2011,2014
962,2011,2014
963,2011,2014
964,2011,2014
965,2011,2014
966,2011,2014
967,2011,2014
968,2011,2014
969,2011,2014
970,2011,2014
971,2011,2014
972,2011,2014
973,2011,2014
974,2011,2014
975,2011,2014
976,2011,2014
977,2011,2014
978,2011,2014
979,2011,2014
980,2011,2014
981,2011,2014
982,2011,2014
983,2011,2014
984,2011,2014
985,2011,2014
986,2011,2014
987,2011,2014
988,2011,2014
989,2011,2014
990,2011,2014
991,2004,2013
992,2004,2016
993,2006,2016
994,1973,1986
995,1970,1994
996,1971,1994
997,1970,1994
998,1971,1994
999,1980,1994
1000,1978,1988
1001,1977,1994
1002,1970,1994
1003,1970,1994
1004,1980,1993
1005,1995,2022
1006,1970,1981
1007,1982,1994
1008,1995,2022
1009,1976,1980
1010,1985,1989
1011,1985,1989
1012,1984,1994
1013,1984,1993
1014,1970,1994
1015,1970,1994
1016,1970,1994
1017,1971,1994
1018,1987,1993
1019,1971,2016
1020,1978,1991
1021,1978,1991
1022,1970,1994
1023,1970,1994
1024,1972,1993
1025,1970,1993
1026,1974,1994
1027,1972,1990
1028,1972,1988
1029,1970,1994
1030,1970,1994
1031,1970,1994
1032,1970,1994
1033,1982,1993
1034,1984,1993
1035,1972,2016
1036,2003,2021
1037,2005,2015
1038,2005,2021
1039,2004,2016
1040,2006,2016
1041,2003,2013
1042,2008,2012
1043,2006,2016
1044,2005,2015
1045,2007,2015
1046,2006,2016
1047,2006,2016
1048,1974,1994
1049,1978,1994
1050,1991,1994
1051,1982,1994
1052,1982,1986
1053,2011,2015
1054,2006,2012
1055,2004,2015
1056,2007,2015
1057,2008,2012
1058,2006,2016
1059,2003,2021
1060,2005,2021
1061,2004,2016
1062,2006,2016
1063,2004,2013
1064,2006,2007
1065,1978,1988
1066,1978,1988
1067,1971,1994
1068,1980,1994
1069,1973,1993
1070,1974,1994
1071,1973,1993
1072,1974,1989
1073,1973,1990
1074,1976,1992
1075,1973,1991
1076,2003,2005
1077,2006,2016
1078,2003,2021
1079,2005,2021
1080,2004,2016
1081,2006,2016
1093,1978,1991
1094,1978,1991
1095,1970,1994
1096,1974,1994
1097,1975,1994
1098,1974,1994
1099,1974,1994
1100,1973,1994
1101,1976,2014
1102,2006,2016
1103,1978,1986
1104,1973,1989
1105,1973,1987
1106,1978,1983
1107,1976,1994
1108,1970,1992
1109,1970,1993
1110,1971,1992
1111,1980,1993
1112,1995,2019
1113,1970,1981
1114,1982,1994
1115,1995,2022
1116,2003,2015
1117,2006,2014
1130,2008,2012
1131,2012,2016
1132,2007,2015
1133,2007,2012
1134,2003,2015
1135,2004,2014
1136,2006,2016
1137,1985,1992
1138,1987,1994
1139,1988,1994
1140,1977,1994
1141,1987,1994
1142,1987,1992
1143,1978,1988
1144,1978,1988
1145,1973,1994
1146,1970,1994
1147,1977,1994
1148,1973,1994
1149,1972,1994
1150,1973,1994
1151,1977,1994
1152,1982,1994
1153,1982,1987
1154,1983,1987
1155,1976,2013
1156,1999,2022
1157,1995,2005
1171,2004,2015
1172,2006,2014
1173,2006,2016
1174,1978,1991
1175,1973,1994
1176,1973,1994
1177,1989,1994
1178,1982,1994
1179,1983,1994
1180,1983,1987
1181,1983,1987
1182,1982,1994
1183,1976,1985
1184,1982,1987
1185,1985,1987
1186,2004,2015
1187,2005,2015
1188,1980,1994
1193,1979,1994
1194,1986,1991
1195,1995,2022
1196,1995,2022
1197,2003,2021
1198,2005,2021
1199,2004,2016
1200,2005,2015
1201,1970,1985
1202,1975,1994
1203,1972,1994
1204,1971,1994
1205,1986,1993
1206,1971,2016
1207,1970,1981
1208,1982,1994
1209,1995,2022
1210,1970,1981
1211,1982,1994
1212,1995,2022
1213,2003,2021
1214,2005,2021
1215,2002,2006
1216,2002,2006
1217,2003,2006
1218,2006,2016
1219,2006,2016
1220,1978,1988
1221,1978,1991
1222,1973,1994
1223,1970,1994
1224,1977,1994
1225,1975,1994
1226,1981,1987
1227,1979,1987
1228,1979,1986
1229,2010,2014
1230,1978,1991
1231,1978,1991
1232,1971,1994
1233,1987,1993
1234,1974,1993
1235,1978,1992
1236,1978,1992
1237,1970,1992
1238,1979,1994
1239,1978,1993
1240,1982,2005
1241,1978,1994
1242,1983,1989
1244,2013,2015
1245,1978,1994
1246,1978,1994
1247,1970,1994
1248,1980,1993
1249,1978,1994
1250,1970,1994
1251,1978,1994
1252,1971,1994
1253,1971,1994
1254,1973,2016
1255,1995,2019
1256,1996,2022
1257,1978,1991
1258,1977,1991
1259,1970,1994
1260,1970,1994
1261,1970,1994
1262,1972,1994
1263,1971,1994
1264,1970,1994
1265,1971,1994
1266,1972,1994
1267,1970,1994
1268,1970,1994
1269,1971,1993
1270,1970,1994
1271,1971,2016
1272,1995,2022
1273,1995,2022
1274,2005,2015
1275,2004,2016
1276,2004,2013
1277,2005,2011
1279,2005,2015
1280,2010,2016
1281,1979,1993
1282,1974,1988
1283,1974,1987
1284,1979,1987
1285,1974,1987
1286,1972,1990
1287,1986,1993
1288,2007,2015
1289,2006,2012
1290,2006,2016
1291,1971,1990
1292,1970,1994
1293,1970,1982
1294,1973,1994
1295,1970,1994
1296,1970,1994
1297,1973,1994
1298,1970,1994
1299,1970,1994
1300,1970,1994
1301,1970,1994
1302,1973,1994
1303,1982,1994
1304,1995,2022
1305,1995,2022
1306,2012,2014
1307,2005,2015
1308,2005,2015
1309,2008,2016
1310,2008,2014
1311,2003,2021
1312,2005,2021
1313,2004,2016
1314,2006,2016
1315,2011,2015
1316,2009,2015
1317,2008,2016
1318,2010,2016
1319,2004,2011
1320,2010,2014
1321,1973,1993
1322,1971,1993
1323,1982,1991
1324,1972,1992
1325,1972,1992
1326,1985,1994
1327,1981,1985
1328,1974,2016
1329,1978,1988
1330,1978,1988
1331,1978,1994
1332,1971,1994
1333,1984,1994
1334,1983,1994
1335,1983,1994
1336,1985,1994
1337,1983,1994
1338,1971,1994
1339,1970,1994
1340,1984,1994
1341,1974,2016
1342,1995,2022
1343,2001,2021
1344,2004,2010
1345,2006,2009
1346,2005,2010
1347,2008,2009
1348,2008,2010
1349,2004,2009
1350,2004,2005
1351,2004,2010
1352,2009,2010
1353,2006,2010
1354,2004,2010
1355,2005,2006
1356,2004,2009
1357,2011,2014
1358,2011,2014
1359,2011,2014
1360,2011,2014
1361,2011,2014
1362,2004,2010
1363,2004,2010
1364,2009,2010
1365,2004,2010
1366,2005,2010
1367,2005,2010
1368,2009,2010
1369,2004,2010
1370,2008,2010
1371,2004,2010
1372,2008,2010
1373,2008,2010
1374,2006,2010
1375,2004,2010
1376,2004,2010
1377,2009,2010
1378,2004,2010
1379,2004,2010
1380,2005,2010
1381,2004,2010
1382,2005,2010
1383,2009,2010
1384,2004,2010
1385,2006,2010
1386,2005,2009
1387,2004,2010
1388,2007,2010
1389,2004,2010
1390,2008,2010
1391,2004,2010
1392,2007,2010
1393,2004,2010
1394,2009,2010
1395,2005,2010
1396,2004,2010
1397,2011,2014
1398,2011,2014
1399,2011,2014
1400,2011,2014
1401,2011,2014
1402,2011,2014
1403,2011,2014
1404,2011,2014
1405,2011,2014
1406,2011,2014
1407,2011,2014
1408,2011,2014
1409,2011,2014
1410,2011,2014
1411,2011,2014
1412,2011,2014
1413,2011,2014
1414,2011,2014
1415,2011,2014
1416,2011,2014
1417,2011,2014
1418,2011,2014
1419,2011,2014
1420,2011,2014
1421,2011,2014
1422,2011,2014
1423,2011,2014
1424,2011,2014
1425,2011,2014
1426,2011,2014
1427,2011,2014
1428,2011,2014
1429,2011,2014
1430,2011,2014
1431,2004,2016
1432,2006,2016
1433,1970,2002
1434,2003,2021
1435,2005,2021
1436,2004,2016
1437,2006,2016
1438,1983,2015
1439,1974,2010
1440,1970,1994
1441,1970,1994
1442,1970,1994
1443,1970,1994
1444,1971,1994
1445,1980,1993
1446,1971,2016
1447,1995,2022
1448,1970,1981
1449,1982,1994
1450,1995,2022
1451,1978,1988
1452,1975,1994
1453,1978,1994
1454,1974,1994
1455,1971,2016
1456,2000,2022
1457,1976,1984
1458,1977,1994
1459,1974,1994
1460,1979,1994
1461,1985,1994
1462,1987,1991
1463,1980,1989
1464,1986,1994
1465,1988,1994
1466,1979,1983
1467,1972,2016
1468,2004,2010
1469,2004,2010
1470,2009,2010
1471,2004,2010
1472,2005,2010
1473,2005,2010
1474,2009,2010
1475,2004,2010
1476,2008,2010
1477,2004,2010
1478,2008,2010
1479,2008,2010
1480,2006,2010
1481,2004,2010
1482,2004,2010
1483,2009,2010
1484,2004,2010
1485,2004,2010
1486,2005,2010
1487,2004,2010
1488,2005,2010
1489,2009,2010
1490,2004,2010
1491,2006,2010
1492,2005,2009
1493,2004,2010
1494,2007,2010
1495,2004,2010
1496,2008,2010
1497,2004,2010
1498,2007,2010
1499,2004,2010
1500,2009,2010
1501,2005,2010
1502,2004,2010
1503,2011,2014
1504,2011,2014
1505,2011,2014
1506,2011,2014
1507,2011,2014
1508,2011,2014
1509,2011,2014
1510,2011,2014
1511,2011,2014
1512,2011,2014
1513,2011,2014
1514,2011,2014
1515,2011,2014
1516,2011,2014
1517,2011,2014
1518,2011,2014
1519,2011,2014
1520,2011,2014
1521,2011,2014
1522,2011,2014
1523,2011,2014
1524,2011,2014
1525,2011,2014
1526,2011,2014
1527,2011,2014
1528,2011,2014
1529,2011,2014
1530,2011,2014
1531,2011,2014
1532,2011,2014
1533,2011,2014
1534,2011,2014
1535,2011,2014
1536,1983,2013
1537,1970,1994
1538,1970,1994
1539,1971,1994
1540,1972,1994
1541,1970,1994
1542,1970,1994
1543,1970,1994
1544,1971,1994
1545,1971,2016
1546,1970,1981
1547,1982,1994
1548,1995,2022
1549,2003,2021
1550,2005,2021
1551,2004,2016
1552,2006,2016
1556,1971,1986
1557,1972,1989
1558,1985,2016
1559,1987,2016
1560,2006,2016
1561,1987,1994
1562,1982,1986
1563,1981,1990
1564,1974,1994
1565,1984,1992
1566,1995,2022
1567,2005,2015
1568,2003,2015
1569,2005,2011
1570,2008,2016
1571,1977,1986
1572,1975,1989
1573,1970,1994
1574,1970,1994
1575,1971,1994
1576,1970,1994
1577,1971,1994
1578,1972,1990
1579,1974,1994
1580,1970,1994
1581,1970,1994
1582,1971,1993
1583,1980,1993
1584,1971,2016
1585,1995,2022
1586,1995,2022
1587,2003,2021
1588,2007,2015
1589,2007,2016
1590,2003,2015
1591,2005,2021
1592,2004,2016
1593,1983,1994
1594,1996,2022
1595,1995,2021
1596,2003,2021
1597,2005,2021
1598,2004,2016
1599,2008,2010
1600,1972,1993
1601,1971,1993
1602,1984,1993
1603,1971,2016
1604,1970,1981
1605,1982,1994
1606,1995,2022
1607,1970,1981
1608,1982,1994
1609,1995,2022
1610,1978,1988
1611,1978,1988
1612,1974,1994
1613,1973,1994
1614,1971,1993
1615,1970,1994
1616,1971,1994
1617,1970,1994
1618,1977,1994
1619,1970,1994
1620,1970,1994
1621,1980,1992
1622,1980,2016
1623,1995,2022
1624,1970,1981
1625,1982,1994
1626,1995,2022
1627,2003,2021
1628,2005,2021
1629,2004,2016
1630,2006,2016
1631,2003,2021
1632,2005,2021
1633,2004,2016
1634,2006,2016
1635,2011,2013
1636,2003,2021
1637,2005,2015
1638,2004,2016
1639,2003,2013
1640,2007,2009
1641,2007,2016
1642,1992,2016
1643,2007,2015
1644,2012,2016
1645,2003,2013
1646,2005,2021
1647,2006,2016
1650,1970,2001
1651,2003,2021
1652,2005,2021
1653,2004,2016
1654,1978,1991
1655,1978,1991
1656,1971,1994
1657,1970,1994
1658,1972,1994
1659,1976,1991
1660,1972,1994
1661,1979,1994
1662,1978,1993
1663,1970,1994
1664,1970,1994
1665,1973,1994
1666,1981,2016
1667,1995,2022
1668,2011,2013
1669,1971,1984
1670,1971,1978
1671,1978,1992
1672,1977,1994
1673,1972,1994
1674,1973,1994
1675,1970,1994
1676,1970,1992
1677,1971,1992
1678,1974,2016
1679,1997,2016
1680,2001,2015
1681,2005,2015
1683,1984,1990
1684,1980,1993
1685,1970,1981
1686,1982,1994
1687,1995,2022
1688,1970,1981
1689,1983,1994
1690,1995,2022
1691,1974,1991
1692,1977,1994
1693,1972,1994
1694,1979,1994
1695,1979,1994
1696,1970,1994
1697,1970,1994
1698,1970,1994
1699,1980,1993
1700,1971,2016
1701,1995,2022
1702,1995,2022
1703,2013,2015
1704,2009,2015
1705,1975,1989
1706,1970,1994
1707,1972,1994
1708,1978,1994
1709,1970,1994
1710,1970,1994
1711,1970,1994
1712,1980,1993
1713,1971,2016
1714,1995,2022
1715,1970,1981
1716,1982,1994
1717,1995,2022
1718,1984,1994
1719,1983,1992
1720,1991,1993
1721,1978,1991
1722,1978,1991
1723,1976,1994
1724,1978,1993
1725,1977,1994
1726,1980,1992
1727,1984,1994
1728,1976,1994
1729,1974,1994
1730,1970,1990
1731,1974,1988
1732,1978,1991
1733,1978,1991
1734,1982,1994
1735,1979,1991
1736,1986,1991
1737,1982,1993
1738,1983,1993
1739,1974,1987
1740,1977,2000
1741,1970,1994
1742,1971,1994
1743,1970,1994
1744,1970,1994
1745,1973,1993
1746,1971,1994
1747,1970,1994
1748,1971,1994
1749,1981,1993
1750,1974,2015
1751,1995,2022
1752,1970,1981
1753,1982,1994
1754,1995,2022
1755,1977,1994
1756,1977,1991
1757,1985,1991
1758,1971,1994
1759,1973,1994
1760,1973,1991
1761,1973,1994
1762,1973,1994
1763,1977,1994
1764,1973,1994
1765,1973,1994
1766,1973,1993
1767,1971,2016
1768,1995,2022
1769,1986,1988
1770,1996,2019
1771,2007,2013
1772,2005,2015
1773,2008,2016
1774,2006,2016
1775,1971,1994
1776,1974,1984
1777,1974,1983
1778,2005,2015
1779,2008,2014
1780,2008,2016
1781,2003,2015
1782,2005,2015
1783,2003,2015
1784,2005,2015
1785,2004,2016
1786,2006,2016
1787,2003,2015
1788,2005,2015
1789,2004,2016
1790,2006,2016
1791,1978,1991
1792,1978,1991
1793,1971,1994
1794,1973,1993
1795,1970,1994
1796,1975,1994
1797,1970,1994
1798,1984,1994
1799,1978,1993
1800,1972,1994
1801,1977,1992
1802,1974,1992
1803,1977,1990
1804,1974,1990
1805,1973,1989
1806,1970,1987
1807,1971,1989
1808,1972,1994
1809,1984,1994
1810,1992,1994
1811,2003,2021
1812,2005,2021
1813,2004,2016
1814,2003,2015
1815,2005,2015
1816,2006,2007
1817,1979,1988
1818,1985,1989
1819,1984,1988
1820,1978,1991
1821,1978,1991
1822,1971,1994
1823,1971,1994
1824,1971,1994
1825,1978,1994
1826,1977,1994
1827,1972,1994
1828,1972,1991
1829,1974,1993
1830,1972,1993
1831,1972,1993
1832,1974,1993
1833,1985,1990
1834,1978,1991
1835,1977,1991
1836,1970,1994
1837,1970,1994
1838,1972,1993
1839,1970,1993
1840,1972,1994
1841,1970,1994
1842,1970,1994
1843,1973,1994
1844,1972,1994
1845,1974,1994
1846,1974,1994
1847,1974,1994
1848,1979,1986
1849,1995,2022
1850,1999,2013
1851,1983,1994
1852,1983,1994
1853,1970,1994
1854,1970,1990
1855,1970,1990
1856,1970,1983
1857,1971,1990
1859,2003,2021
1860,2005,2021
1861,2004,2016
1862,2006,2016
1863,1978,1991
1864,1977,1991
1865,1970,1994
1866,1970,1994
1867,1970,1993
1868,1970,1994
1869,1974,1994
1870,1982,1990
1871,1998,2006
1872,1976,1990
1873,1978,1986
1874,2003,2013
1875,2005,2007
1876,2006,2016
1877,2006,2008
1878,2009,2015
1879,2009,2015
1880,2010,2016
1881,2010,2016
1882,1978,1991
1883,1970,1994
1884,1970,1994
1885,1973,1985
1886,1970,1994
1887,1971,1994
1888,1970,1994
1889,1970,1994
1890,1973,1994
1891,1970,1994
1892,1970,1994
1893,1972,1994
1894,1981,1993
1895,1971,2016
1896,1995,2022
1897,1970,1981
1898,1982,1994
1899,1995,2022
1900,1981,1991
1901,1971,1994
1902,1970,1994
1903,1970,1994
1904,1977,1994
1905,1970,1994
1906,1972,1994
1907,1973,1994
1908,1970,1994
1909,1970,1994
1910,1979,1994
1911,1971,2016
1912,1995,2022
1914,1970,1977
1915,1970,1984
1916,1972,1993
1917,1970,1994
1918,1971,1994
1919,1970,1994
1920,1970,1994
1921,1972,1993
1922,1970,1994
1923,1970,1994
1924,1970,1994
1925,1970,1994
1926,1971,1991
1927,1980,1993
1928,1971,2016
1929,1995,2022
1930,1995,2022
1931,1984,1994
1932,1985,1994
1933,1978,1994
1934,1985,1993
1935,1983,1993
1936,1983,1990
1937,1985,1987
1938,1985,2016
1939,2004,2010
1940,2004,2010
1941,2009,2010
1942,2004,2010
1943,2005,2010
1944,2005,2010
1945,2009,2010
1946,2004,2010
1947,2008,2010
1948,2004,2010
1949,2008,2010
1950,2008,2010
1951,2009,2010
1952,2004,2010
1953,2004,2010
1954,2009,2010
1955,2004,2010
1956,2004,2010
1957,2005,2010
1958,2004,2010
1959,2005,2010
1960,2009,2010
1961,2004,2010
1962,2006,2010
1963,2005,2009
1964,2004,2010
1965,2007,2010
1966,2004,2010
1967,2008,2010
1968,2004,2010
1969,2007,2010
1970,2004,2010
1971,2009,2010
1972,2005,2010
1973,2004,2010
1974,1985,1990
1975,2011,2014
1976,2011,2014
1977,2011,2014
1978,2011,2014
1979,2011,2014
1980,2011,2014
1981,2011,2014
1982,2011,2014
1983,2011,2014
1984,2011,2014
1985,2011,2014
1986,2011,2014
1987,2011,2014
1988,2011,2014
1989,2011,2014
1990,2011,2014
1991,2011,2014
1992,2011,2014
1993,2011,2014
1994,2011,2014
1995,2011,2014
1996,2011,2014
1997,2011,2014
1998,2011,2014
1999,2011,2014
2000,2011,2014
2001,2011,2014
2002,2011,2014
2003,2011,2014
2004,2011,2014
2005,2011,2014
2006,2011,2014
2007,2011,2014
2008,2011,2014
2009,1979,1993
2010,1975,1990
2011,1970,1994
2012,1973,1994
2013,1970,1994
2014,1975,1994
2015,1978,1994
2016,1974,1994
2017,1970,1994
2018,1970,1994
2019,1970,1994
2020,1971,1994
2021,1981,1993
2022,1974,2016
2023,1995,2022
2024,1995,2022
2025,2003,2021
2026,2005,2021
2027,2004,2016
2028,2006,2016
2029,2003,2015
2030,2005,2021
2031,2004,2016
2032,2004,2010
2033,2004,2009
2034,2005,2009
2035,2008,2010
2036,2004,2010
2037,2008,2010
2038,2005,2009
2039,2008,2010
2040,2004,2010
2041,2006,2010
2042,2009,2010
2043,2006,2010
2044,2005,2007
2045,2004,2009
2046,2004,2010
2047,2006,2010
2048,2005,2008
2049,2004,2008
2050,1972,1984
2051,1995,2018
2052,2011,2014
2053,2011,2014
2054,2011,2014
2055,2011,2014
2056,2011,2014
2057,2011,2014
2058,2011,2014
2059,2011,2014
2060,2011,2014
2061,2003,2021
2062,2005,2021
2063,2004,2016
2064,2006,2016
2065,2004,2010
2066,2004,2007
2067,2008,2009
2068,2011,2014
2069,2007,2010
2070,2005,2007
2071,2007,2009
2072,2007,2008
2073,2008,2010
2074,2004,2006
2075,2004,2010
2076,2005,2008
2077,2007,2010
2078,2007,2008
2079,2007,2010
2080,2007,2010
2081,2005,2008
2082,2005,2010
2083,2004,2010
2084,2005,2010
2085,2011,2014
2086,2011,2014
2087,2011,2014
2088,2011,2014
2089,2011,2014
2090,2011,2014
2091,2011,2014
2092,2011,2014
2110,2009,2010
2111,2011,2014
2112,2011,2014
2113,2011,2014
2114,1977,1991
2115,1973,1984
2116,1970,1994
2117,1973,1994
2118,1973,1993
2119,1970,1994
2120,1972,1994
2121,1976,1992
2122,1970,1994
2123,1970,1994
2124,1970,1994
2125,1971,1993
2126,1980,1993
2127,1971,2016
2128,1995,2022
2129,1995,2022
2130,2005,2015
2131,1994,1998
2132,1978,1991
2133,1978,1991
2134,1971,1994
2135,1970,1991
2136,1972,1994
2137,1976,1994
2138,1986,1994
2139,1970,1994
2140,1981,1994
2141,1976,1994
2142,1980,1994
2143,1972,1993
2144,1971,2016
2145,1978,1992
2146,1975,1990
2147,1972,1994
2148,1970,1994
2149,1972,1994
2150,1972,1994
2151,1970,1994
2152,1971,1994
2153,1972,1994
2154,1973,1994
2155,1971,2016
2156,1995,2022
2157,1970,1981
2158,1982,1988
2159,1995,2022
2160,2006,2016
2161,2006,2016
2162,1977,1982
2163,1978,1994
2164,1980,1994
2165,1974,1993
2166,1974,1987
2167,1982,1987
2168,1985,1994
2169,1978,1991
2170,1978,1991
2171,1970,1994
2172,1970,1994
2173,1971,1994
2174,1970,1994
2175,1971,1994
2176,1970,1994
2177,1973,1994
2178,1970,1994
2179,1970,1994
2180,1970,1994
2181,1971,2016
2182,1995,2022
2183,1970,1975
2184,1983,1991
2185,1995,2022
2186,1978,1987
2187,1978,1988
2188,1973,1988
2189,1970,1993
2190,1973,1993
2191,1973,1993
2192,1985,1994
2193,1972,1993
2194,1983,1993
2195,1983,1987
2221,2003,2013
2222,1970,2014
2223,1970,2014
2224,1971,2013
2225,1971,2013
2226,1971,2013
2227,2003,2015
2228,2006,2016
2229,1970,2014
2230,1970,2014
2231,1972,2013
2232,1970,2014
2233,1970,2014
2234,1970,2014
2235,1970,2014
2236,1970,2014
2237,2005,2013
2238,1970,2014
2239,1970,2014
2240,1970,2013
2241,1970,2014
2242,1970,2014
2243,1970,2013
2244,2000,2014
2245,1970,2003
2246,1970,2014
2247,1977,2014
2248,1970,2014
2249,1970,2014
2250,1970,2014
2251,1987,2011
2252,1970,2014
2253,1970,2014
2254,1970,2012
2255,1970,2014
2256,2001,2012
2257,2004,2013
2258,2005,2015
2259,2004,2016
2260,1985,2001
2261,1985,2011
2262,1985,2012
2263,1985,2013
2264,1985,2014
2265,1985,2014
2266,1985,2006
2267,2004,2010
2268,1991,1993
2269,1989,1992
2270,1971,1994
2271,1971,2016
2272,2009,2011
2273,1978,1985
2274,1985,1994
2275,1986,1994
2276,2003,2021
2277,2005,2021
2278,2004,2016
2279,2006,2016
2280,1982,1990
2281,1979,1994
2282,1985,2015
2283,1995,2022
2284,1995,2022
2285,1998,2022
2286,2004,2010
2287,2005,2008
2288,2008,2010
2289,2004,2006
2290,2005,2008
2291,2007,2008
2292,2004,2005
2293,1970,1994
2294,2011,2014
2295,1983,1994
2296,1984,1994
2297,1983,1994
2298,1983,1994
2299,1970,1994
2300,1970,1994
2301,1981,1992
2302,1971,2016
2303,1995,2016
2304,1972,1981
2305,1982,1994
2306,1995,2016
2307,2005,2021
2308,2004,2016
2309,2005,2010
2310,2004,2010
2311,2009,2010
2312,2004,2010
2313,2007,2010
2314,2005,2010
2315,2009,2010
2316,2004,2010
2317,2008,2010
2318,2004,2010
2319,2008,2010
2320,2008,2010
2321,2006,2010
2322,2004,2010
2323,2004,2010
2324,2009,2010
2325,2004,2010
2326,2004,2010
2327,2005,2010
2328,2004,2010
2329,2005,2010
2330,2009,2010
2331,2004,2010
2332,2006,2010
2333,2005,2009
2334,2004,2010
2335,2007,2010
2336,2004,2010
2337,2008,2010
2338,2004,2010
2339,2007,2010
2340,2004,2010
2341,2005,2010
2342,2004,2010
2343,2011,2014
2344,2011,2014
2345,2011,2014
2346,2011,2014
2347,2011,2014
2348,2011,2014
2349,2011,2014
2350,2011,2014
2351,2011,2014
2352,2011,2014
2353,2011,2014
2354,2011,2014
2355,2011,2014
2356,2011,2014
2357,2011,2014
2358,2011,2014
2359,2011,2014
2360,2011,2014
2361,2011,2014
2362,2011,2014
2363,2011,2014
2364,2011,2014
2365,2011,2014
2366,2011,2014
2367,2011,2014
2368,2011,2014
2369,2011,2014
2370,2011,2014
2371,2011,2014
2372,2011,2014
2373,2005,2015
2374,2003,2021
2375,2005,2021
2376,2004,2016
2377,2003,2013
2378,2005,2015
2379,1970,1994
2380,1971,1994
2381,1973,1994
2382,1970,1994
2383,1972,1994
2384,1970,1994
2385,1970,1994
2386,1972,1994
2387,1980,1993
2388,1972,2016
2389,1995,2022
2390,1995,2022
2391,1978,1991
2392,1978,1984
2393,1979,1993
2394,1980,1986
2395,2008,2012
2396,2007,2015
2397,2008,2014
2398,2006,2016
2399,2004,2011
2400,2005,2021
2401,2004,2016
2402,2006,2012
2403,2004,2010
2404,2004,2010
2405,2009,2010
2406,2004,2010
2407,2005,2010
2408,2005,2010
2409,2009,2010
2410,2004,2010
2411,2008,2010
2412,2004,2010
2413,2004,2010
2414,2004,2010
2415,2009,2010
2416,2004,2010
2417,2004,2010
2418,2005,2010
2419,2004,2010
2420,2005,2010
2421,2009,2010
2422,2004,2010
2423,2006,2010
2424,2005,2009
2425,2004,2010
2426,2007,2010
2427,2004,2010
2428,2009,2010
2429,2004,2010
2430,2007,2010
2431,2004,2010
2432,2009,2010
2433,2005,2010
2434,2004,2010
2435,1980,1994
2436,1989,1994
2437,1980,1993
2438,1970,1994
2439,1977,1991
2440,1970,1994
2441,1971,1990
2442,1980,1993
2443,1995,2022
2444,1970,1981
2445,1982,1994
2446,1995,2022
2447,2011,2014
2448,2011,2014
2449,2011,2014
2450,2011,2014
2451,2011,2014
2452,2011,2014
2453,2011,2014
2454,2011,2014
2455,2011,2014
2456,2011,2014
2457,2011,2014
2458,2011,2014
2459,2011,2014
2460,2011,2014
2461,2011,2014
2462,2011,2014
2463,2011,2014
2464,2011,2014
2465,2009,2013
2466,2007,2011
2467,2014,2016
2479,2004,2010
2480,2004,2010
2481,2009,2010
2482,2004,2010
2483,2005,2010
2484,2005,2010
2485,2009,2010
2486,2004,2010
2487,2008,2010
2488,2004,2010
2489,2008,2010
2490,2008,2010
2491,2006,2010
2492,2004,2010
2493,2004,2010
2494,2009,2010
2495,2004,2010
2496,2004,2010
2497,2005,2010
2498,2004,2010
2499,2005,2010
2500,2009,2010
2501,2004,2010
2502,2006,2010
2503,2005,2009
2504,2004,2010
2505,2007,2009
2506,2004,2010
2507,2008,2010
2508,2004,2010
2509,2007,2010
2510,2004,2010
2511,2009,2010
2512,2005,2010
2513,2004,2010
2514,2011,2014
2515,2011,2014
2516,2011,2014
2517,2011,2014
2518,2011,2014
2519,2011,2014
2520,2011,2014
2521,2011,2014
2522,2011,2014
2523,2011,2014
2524,2011,2014
2525,2011,2014
2526,2011,2014
2527,2011,2014
2528,2011,2014
2529,2011,2014
2530,2011,2014
2531,2011,2014
2532,2011,2014
2533,2011,2014
2534,2011,2014
2535,2011,2014
2536,2011,2014
2537,2011,2014
2538,2011,2014
2539,2011,2014
2540,2011,2014
2541,2011,2014
2542,2011,2014
2543,2011,2014
2544,2003,2013
2545,2003,2021
2546,2005,2021
2547,2004,2016
2548,2006,2016
2549,1979,1988
2550,1978,1988
2551,1973,1993
2552,1970,1993
2553,1988,1994
2554,1971,1994
2555,1974,1991
2556,1973,1992
2557,1978,1990
2558,1978,1989
2581,1978,1991
2582,1977,1991
2583,1970,1994
2584,1970,1994
2585,1970,1994
2586,1970,1994
2587,1973,1994
2588,1970,1994
2589,1970,1994
2590,1973,1994
2591,1970,1994
2592,1970,1994
2593,1970,1994
2594,1971,2016
2595,1995,2022
2596,1995,2022
2597,2004,2016
2598,1982,1987
2599,2005,2015
2600,2005,2015
2601,2004,2016
2602,2008,2016
2603,2010,2014
2604,2007,2012
2605,2015,2016
2606,2015,2016
2607,2015,2016
2608,2015,2016
2609,2015,2016
2610,2015,2016
2611,2015,2016
2612,2015,2016
2613,2015,2016
2614,2015,2016
2615,2015,2016
2616,2004,2010
2617,2009,2010
2618,2009,2010
2619,2004,2010
2620,2005,2010
2621,2005,2009
2622,2007,2008
2623,2005,2009
2624,2008,2009
2625,2004,2010
2626,2008,2009
2627,2007,2009
2628,2011,2014
2629,2011,2014
2630,2005,2009
2631,2003,2004
2632,1973,1988
2633,1975,1986
2634,1984,1992
2635,1982,1990
2636,1972,1987
2637,1970,1994
2638,1986,1993
2639,1971,2016
2640,1995,2022
2641,1970,1980
2642,1984,1994
2643,1995,2022
2644,1979,1990
2645,1978,1989
2646,1979,1993
2647,1980,1987
2648,1971,1993
2649,1984,1993
2650,1974,2016
2651,1995,2022
2652,1996,2022
2653,2007,2013
2654,2003,2015
2655,2005,2015
2656,2004,2016
2657,2006,2016
2658,2003,2021
2659,2005,2021
2660,2004,2016
2661,2006,2016
2662,2004,2015
2663,2006,2016
2664,2006,2016
2665,2003,2021
2666,2005,2021
2667,2004,2016
2668,2006,2016
2669,2003,2021
2670,2007,2015
2671,2004,2016
2672,2006,2016
2673,2007,2013
2674,2005,2021
2675,2004,2016
2676,2003,2021
2677,2005,2015
2678,2004,2016
2679,2006,2016
2680,2003,2021
2681,2005,2015
2682,2004,2016
2683,2006,2016
2684,2003,2021
2685,2005,2021
2686,2004,2016
2687,2006,2016
2688,2005,2013
2689,2005,2015
2690,2004,2016
2691,2007,2014
2692,2003,2021
2693,2005,2015
2694,2004,2016
2695,2006,2016
2696,2003,2021
2697,2005,2021
2698,2004,2016
2699,2006,2016
2700,2003,2013
2701,2003,2021
2702,2004,2016
2703,2006,2016
2704,2003,2015
2705,2005,2011
2706,2006,2016
2707,2003,2021
2708,2005,2021
2709,2004,2016
2710,2003,2004
2711,2005,2015
2712,2003,2015
2713,2006,2014
2714,1978,1991
2715,1977,1991
2716,1971,1994
2717,1970,1994
2718,1971,1994
2719,1972,1994
2720,1972,1994
2721,1977,1994
2722,1970,1994
2723,2005,2013
2724,2008,2014
2725,2005,2013
2726,2005,2013
2727,2006,2012
2728,2007,2015
2729,2009,2013
2730,1978,1988
2731,1977,1991
2732,1970,1993
2733,1976,1994
2734,1972,1993
2735,1970,1994
2736,1989,1991
2737,2003,2021
2738,2005,2021
2739,2004,2016
2740,2006,2016
2741,2003,2021
2742,2005,2021
2743,2006,2016
2744,2003,2021
2745,2005,2021
2746,2004,2016
2747,2006,2016
2748,2003,2021
2749,2009,2015
2750,2004,2016
2751,2006,2016
2752,2003,2021
2753,2005,2021
2754,2004,2016
2755,2007,2016
2756,2004,2015
2757,2004,2016
2758,2010,2016
2759,2003,2015
2760,2006,2016
2761,2003,2015
2762,2005,2015
2763,2006,2016
2764,2006,2016
2765,2003,2021
2766,2005,2015
2767,2004,2016
2768,2006,2016
2769,2003,2021
2770,2005,2021
2771,2004,2016
2772,2006,2016
2773,2003,2021
2774,2005,2021
2775,2004,2016
2776,2006,2016
2777,2004,2015
2778,2004,2012
2779,2006,2016
2780,1979,1988
2781,1978,1987
2782,1971,1994
2783,1978,1994
2784,1979,1994
2785,1976,1994
2786,1982,1987
2787,1982,1987
2788,1985,1987
2789,1974,1987
2790,1974,1987
2791,1978,1990
2792,1970,1981
2793,1976,1994
2794,1982,1987
2795,1982,1986
2796,1985,1987
2797,1973,1994
2798,1973,1994
2799,1970,1994
2800,1973,1994
2801,1970,1994
2802,1972,1994
2803,1985,1994
2804,1973,1994
2805,1978,1993
2806,1972,1994
2807,1971,1994
2808,1980,1993
2809,1984,2012
2810,1995,2022
2811,1970,1981
2812,1982,1994
2813,1995,2022
2814,2003,2013
2815,2008,2012
2816,2006,2016
2817,2012,2016
2818,1997,2016
2819,1981,1993
2820,1981,1994
2821,1981,1993
2822,1974,1994
2823,1980,1993
2824,1982,1987
2825,1975,1987
2826,1978,1988
2827,1978,1988
2828,1970,1994
2829,1970,1994
2830,1970,1994
2831,1974,1991
2832,1982,1987
2833,1985,1987
2834,2004,2010
2835,2007,2010
2836,2007,2010
2837,2008,2010
2838,2008,2009
2839,2004,2010
2840,2004,2010
2841,2009,2010
2842,2005,2010
2843,2006,2010
2844,2005,2010
2845,2004,2010
2846,2009,2010
2847,2007,2010
2848,2007,2010
2849,2006,2010
2850,2006,2010
2851,2006,2010
2852,2004,2010
2853,2011,2014
2854,2011,2014
2855,2011,2014
2856,2011,2014
2857,2011,2014
2858,2011,2014
2859,2011,2014
2860,2011,2014
2861,2006,2016
2862,2007,2014
2863,1984,1993
2864,1972,2016
2865,1972,1973
2866,1989,1993
2867,1995,2022
2868,1971,1979
2869,1982,1992
2870,1996,2022
2871,1996,2014
2872,2003,2021
2873,2005,2021
2874,2004,2016
2875,2003,2007
2876,1978,1988
2877,1978,1991
2878,1970,1994
2879,1984,1988
2880,1984,1988
2881,1984,1988
2882,1984,1988
2883,1982,1992
2884,1974,1991
2885,1998,2009
2886,2005,2015
2887,2011,2013
2888,2011,2015
2889,2010,2016
2890,1978,1981
2891,1971,1985
2892,1971,1985
2893,1973,1991
2894,1975,1984
2895,1975,1986
2896,1984,1994
2897,1985,1994
2898,1970,1994
2899,1970,1994
2900,1970,1994
2901,1970,1994
2902,1980,1985
2903,1980,1993
2904,1971,2016
2905,1995,2022
2906,1995,2021
2907,2005,2011
2908,1971,1991
2909,1977,1989
2910,1980,1994
2911,1974,1994
2912,1991,1993
2913,1972,2014
2914,1982,1987
2915,1979,1993
2916,1973,1994
2917,1980,1993
2918,1984,1993
2919,1995,2022
2920,1995,2022
2921,1971,1981
2922,1976,1988
2923,1970,1994
2924,1971,1994
2925,1970,1994
2926,1970,1994
2927,1973,1994
2928,1970,1994
2929,1970,1994
2930,1970,1994
2931,1971,1994
2932,1981,1993
2933,1971,2016
2934,1995,2022
2935,1995,2022
2960,2005,2013
2961,2007,2008
2962,2011,2015
2963,2006,2016
2964,2006,2016
2965,2004,2005
2966,2005,2013
2967,2006,2016
2968,1984,1993
2969,1985,2016
2970,1995,2016
2971,1972,1994
2972,1970,1994
2973,1972,1987
2974,1973,1994
2975,1970,1994
2976,1970,1994
2977,1970,1994
2978,1972,1994
2979,1980,1993
2980,1971,2016
2981,1995,2022
2982,1995,2022
2983,1971,2016
2984,1978,1988
2985,1975,1994
2986,1978,1994
2987,1974,1994
2996,1981,2019
3002,2004,2018
3004,1984,2015
3005,2004,2018
3006,2004,2018
3010,2009,2017
3019,1998,2016
3020,1977,2016
3022,1971,1982
3023,2004,2018
3025,2004,2018
3050,1970,2015
3078,1970,2014
3079,1987,2015
3080,1970,2014
3081,2005,2008
3084,2008,2012
3085,2008,2010
3086,2008,2012
3087,2008,2012
3088,2008,2012
3089,2008,2011
3090,1985,1995
3091,2008,2012
3092,2008,2012
3093,2008,2012
3094,2013,2016
3095,2013,2016
3096,2013,2016
3097,2013,2016
3098,2013,2016
3099,2013,2016
3100,2013,2016
3101,2013,2016
3102,2013,2016
3103,2013,2014
3104,2013,2016
3105,2015,2016
3106,2015,2016
3107,2015,2016
3108,2015,2016
3120,2010,2022
3121,2010,2022
3122,2012,2022
3123,2010,2022
3124,2010,2022
3126,2010,2022
3127,2010,2022
3128,2010,2022
3129,2005,2022
3130,2010,2022
3131,2010,2022
3132,2010,2014
3134,1976,2020
3135,2005,2014
3141,2005,2008
3142,2006,2022
3143,2006,2022
3144,2006,2017
3145,2006,2022
3147,2006,2022
3155,2005,2014
3157,2005,2019
3161,2005,2014
3162,2005,2016
3163,2005,2016
3164,2005,2016
3165,2005,2016
3166,2005,2014
3167,1994,2017
3168,1996,2015
3169,2005,2014
3170,2005,2013
3171,2007,2016
3172,2015,2017
3173,2014,2016
3174,2005,2014
3175,2005,2013
3176,2005,2014
3177,2005,2014
3178,2012,2015
3179,2005,2014
3180,2005,2014
3181,2005,2014
3182,2005,2014
3184,2015,2017
3185,1996,2015
3186,2015,2017
3187,1995,2018
3188,1995,2018
3189,1995,2018
3190,1995,2018
3191,1995,2018
3192,1996,2015
3193,1998,2013
3194,1996,1999
3196,1996,2015
3197,1995,2015
3198,1995,2015
3199,2014,2016
3200,2015,2017
3201,2015,2017
3202,2005,2013
3203,2005,2012
3204,2005,2014
3205,2005,2014
3206,2005,2014
3208,2005,2014
3209,2014,2016
3210,2015,2017
3211,2014,2016
3212,2006,2020
3213,2004,2018
3214,2006,2020
3215,2006,2020
3216,2004,2018
3217,2006,2020
3218,2004,2018
3219,2006,2020
3220,2004,2018
3221,2006,2020
3222,2006,2020
3223,2004,2018
3224,2006,2020
3227,2004,2018
3228,2006,2020
3229,2006,2020
3230,2004,2018
3231,2006,2020
3232,2004,2018
3233,2006,2020
3234,2004,2018
3235,2006,2020
3236,2004,2018
3237,2004,2018
3238,2004,2018
3239,2006,2020
3240,2004,2018
3241,2006,2020
3242,2004,2018
3243,2004,2018
3244,2004,2018
3245,2004,2018
3246,2004,2018
3247,2006,2020
3248,2004,2018
3249,2006,2020
3250,2004,2018
3251,2006,2020
3252,2006,2020
3253,2004,2018
3254,2006,2020
3255,2004,2018
3256,2004,2018
3257,2006,2020
3260,2004,2018
3261,2006,2020
3262,2006,2020
3263,2004,2018
3264,2006,2020
3265,2004,2018
3266,2006,2020
3267,2004,2018
3268,2006,2020
3269,2004,2018
3270,2006,2020
3271,2004,2018
3272,2006,2020
3273,2004,2018
3274,2004,2018
3275,2006,2020
3276,2004,2018
3277,2006,2020
3278,2004,2018
3279,2004,2018
3280,2006,2020
3281,2004,2018
3282,2006,2020
3283,2004,2018
3284,2006,2020
3285,2004,2018
3286,2006,2020
3287,2004,2018
3288,2004,2018
3289,2006,2020
3290,2006,2020
3291,2004,2018
3292,2004,2018
3293,2006,2020
3294,2004,2018
3295,2006,2020
3296,2006,2020
3297,2004,2018
3298,2005,2014
3299,2005,2014
3300,2014,2016
3302,2015,2017
3303,2005,2014
3304,1986,2005
3305,2003,2019
3306,2015,2017
3307,2006,2014
3308,2015,2017
3310,2006,2020
3312,2010,2018
3313,2008,2015
3314,2012,2015
3315,2005,2014
3316,2006,2020
3317,2006,2020
3318,2006,2020
3319,1997,2019
3320,1999,2016
3321,2004,2022
3322,2004,2022
3323,1996,2018
3324,2004,2022
3325,2004,2022
3326,2004,2022
3327,2004,2021
3328,2004,2022
3329,2004,2021
3330,2009,2020
3331,2006,2022
3332,2010,2014
3333,2004,2022
3334,1975,2017
3335,2004,2022
3336,2004,2022
3337,2004,2022
3338,2007,2022
3339,2008,2022
3340,2004,2011
3341,2004,2022
3342,2004,2022
3343,2004,2022
3344,2004,2022
3345,1996,2013
3346,2004,2022
3347,2004,2022
3348,2004,2022
3349,2004,2022
3350,2006,2011
3351,2004,2021
3352,2004,2022
3353,2013,2022
3354,1992,2022
3355,1992,2022
3356,1992,2021
3357,2004,2020
3358,1992,2022
3359,1992,2022
3360,1992,2021
3361,1992,2021
3362,1992,2022
3363,2014,2015
3364,1992,2020
3365,2017,2018
3366,2013,2022
3367,1996,2019
3368,2014,2022
3369,2013,2022
3370,2016,2016
3371,1993,2022
3372,1992,2022
3373,1995,2022
3374,2013,2021
3375,1992,2022
3376,2013,2022
3377,2015,2015
3378,2017,2017
3379,2005,2022
3380,2013,2016
3381,2020,2022
3382,1992,2022
3383,2014,2014
3384,2013,2022
3385,1992,2022
3386,1992,2022
3387,1992,2022
3388,2013,2013
3389,2004,2022
3390,1992,2021
3391,2013,2021
3392,1992,2022
3393,2007,2017
3394,2007,2017
3395,2007,2017
3396,2007,2017
3397,2007,2013
3398,2007,2017
3399,2004,2022
3400,2007,2007
3401,2007,2017
3402,2007,2017
3403,2007,2017
3404,2007,2017
3405,2007,2017
3406,2007,2013
3407,2007,2017
3408,2007,2017
3409,2007,2017
3410,2015,2015
3411,2006,2021
3412,2006,2021
3413,2006,2021
3414,2014,2021
3415,2006,2021
3416,2008,2019
3417,2006,2021
3418,2006,2021
3419,2006,2021
3420,2005,2022
3421,2006,2021
3422,2006,2021
3423,2006,2021
3424,2006,2021
3425,2006,2021
3426,2006,2021
3427,2006,2018
3428,2006,2021
3429,2015,2021
3430,2004,2022
3431,2014,2019
3432,2006,2010
3433,2006,2021
3434,2006,2021
3435,2006,2021
3436,2013,2022
3437,1992,2022
3438,1992,2022
3439,1993,2004
3440,2015,2019
3441,2004,2022
3442,2013,2022
3443,2013,2013
3444,2013,2015
3445,2013,2016
3446,1992,2022
3447,2019,2019
3448,2007,2008
3449,2007,2008
3450,2004,2022
3451,2007,2007
3452,2007,2008
3453,2007,2008
3454,2007,2008
3455,2008,2008
3456,2008,2008
3457,2007,2007
3458,2007,2008
3459,2007,2007
3460,2004,2022
3461,2007,2008
3462,2007,2008
3463,2007,2008
3464,2007,2007
3465,2007,2008
3466,2007,2008
3467,2008,2008
3470,2007,2008
3471,1974,2019
3472,2007,2008
3473,2007,2008
3474,2007,2008
3475,2007,2008
3476,2007,2008
3478,2000,2016
3479,1984,2019
3480,1984,2022
3481,1984,2022
3482,2005,2011
3483,1984,1984
3484,2002,2016
3485,1984,2022
3486,2016,2016
3487,1988,2014
3488,1984,2022
3489,1986,2022
3490,1998,2020
3491,1984,2018
3492,2004,2022
3493,1984,2022
3494,1984,2022
3495,2006,2020
3496,2000,2022
3497,1998,2010
3498,2012,2022
3499,2006,2022
3500,1994,2018
3501,1984,2022
3502,1984,2018
3503,2004,2022
3504,1984,2022
3505,1998,1998
3506,1990,2022
3507,2002,2019
3508,2002,2019
3509,2002,2019
3510,2002,2019
3511,2002,2019
3512,2002,2019
3513,2002,2019
3514,2002,2019
3515,2002,2019
3516,2002,2019
3517,2002,2019
3518,2002,2019
3519,2002,2019
3520,2002,2019
3521,2002,2019
3522,2004,2019
3523,2002,2019
3524,2019,2019
3525,2011,2011
3526,2005,2019
3527,2003,2019
3528,2002,2019
3529,2002,2019
3530,2002,2019
3531,2002,2019
3532,2005,2018
3533,2009,2009
3534,2016,2022
3535,2013,2022
3536,2013,2022
3537,2016,2019
3538,2015,2022
3539,2014,2022
3540,1992,2022
3541,1992,2022
3542,2004,2022
3543,2013,2019
3544,2013,2022
3545,1992,2021
3546,1992,2022
3547,2013,2016
3548,2015,2022
3549,2013,2022
3550,2013,2019
3551,2004,2022
3552,2013,2022
3553,1992,2022
3554,2018,2018
3555,1992,2011
3556,2018,2018
3557,1992,2022
3558,1992,2022
3559,2009,2017
3560,2009,2017
3561,2009,2017
3562,2009,2017
3563,2013,2017
3564,2009,2017
3565,2009,2017
3566,2017,2017
3567,2017,2017
3568,2017,2017
3569,2009,2017
3570,2005,2012
3571,2009,2017
3572,2009,2017
3573,2009,2017
3574,2009,2017
3575,2009,2017
3576,2009,2013
3577,2009,2009
3578,2009,2017
3579,2013,2017
3580,2009,2017
3581,2004,2022
3582,2009,2017
3583,2009,2017
3584,2012,2022
3585,2006,2022
3586,2006,2022
3587,2006,2022
3588,2014,2022
3589,2006,2022
3590,2016,2016
3591,2006,2022
3592,2004,2022
3593,2006,2022
3594,2006,2022
3595,2006,2022
3596,2012,2022
3597,2006,2022
3598,2006,2022
3599,2006,2022
3600,2006,2019
3601,2006,2019
3602,2012,2022
3603,2014,2014
3604,2016,2019
3605,2006,2022
3606,2006,2022
3607,2014,2014
3608,2014,2022
3609,2022,2022
3610,2001,2022
3611,2001,2022
3612,2001,2022
3613,2013,2021
3614,2001,2022
3615,2001,2022
3616,2015,2015
3617,2001,2022
3618,2001,2022
3619,2001,2022
3620,2001,2022
3621,2001,2022
3622,2001,2022
3623,2001,2022
3624,2005,2022
3625,2001,2022
3626,2001,2022
3627,2001,2022
3628,2015,2022
3629,2003,2022
3630,2001,2022
3631,2003,2022
3632,2003,2022
3633,2001,2022
3634,2001,2022
3635,2005,2021
3636,2001,2022
3637,2001,2022
3638,2016,2016
3639,2022,2022
3640,2001,2022
3641,2001,2022
3642,2001,2022
3643,2022,2022
3644,2022,2022
3645,2001,2022
3646,2004,2022
3647,2015,2022
3648,2001,2022
3649,2001,2022
3650,2001,2022
3651,2001,2022
3652,2001,2022
3653,2001,2022
3654,2008,2008
3655,2008,2022
3656,2004,2022
3657,2022,2022
3658,2001,2022
3659,2001,2022
3660,2001,2022
3661,2017,2017
3662,2001,2017
3663,2001,2017
3664,2001,2017
3665,2001,2017
3666,2001,2007
3667,2001,2017
3668,2001,2013
3669,2001,2017
3670,2007,2013
3671,2001,2017
3672,2001,2017
3673,2001,2017
3674,2001,2017
3675,2001,2017
3677,2004,2022
3678,2017,2017
3679,2001,2017
3680,2007,2007
3681,2001,2017
3682,2001,2017
3683,2001,2017
3684,2004,2022
3685,2005,2017
3686,2004,2022
3687,2004,2022
3688,2008,2022
3689,2004,2022
3690,2004,2022
3691,2004,2022
3693,2012,2018
3694,2007,2018
3695,2006,2013
3696,2004,2022
3697,2005,2020
3698,2004,2022
3699,2004,2022
3700,2004,2022
3701,2004,2022
3702,2004,2022
3704,2004,2022
3705,2004,2022
3706,2012,2022
3707,2004,2021
3708,2004,2020
3709,2004,2022
3710,2004,2022
3711,2004,2022
3712,1997,2019
3713,2012,2015
3714,2004,2022
3715,2004,2015
3716,2004,2018
3717,2005,2022
3718,2004,2021
3719,2006,2022
3720,2004,2021
3721,2004,2022
3722,2012,2015
3723,2004,2022
3724,2004,2022
3725,2008,2021
3726,2005,2022
3727,2004,2019
3728,2004,2022
3729,2019,2021
3730,2009,2019
3731,2005,2022
3732,2009,2015
3733,2012,2015
3734,2004,2022
3735,2004,2022
3736,2004,2021
3737,2005,2014
3738,2004,2018
3739,2004,2022
3740,2004,2022
3741,2004,2022
3742,2012,2015
3743,2011,2022
3744,2006,2022
3745,2006,2021
3746,2004,2022
3747,2004,2022
3748,2004,2022
3749,2011,2021
3750,2010,2017
3751,2005,2022
3752,2004,2022
3753,2012,2015
3754,2004,2022
3755,2004,2022
3756,2004,2022
3757,2004,2022
3758,2004,2022
3759,2004,2022
3760,2004,2022
3761,2004,2022
3762,2012,2015
3763,2008,2022
3764,2004,2021
3765,2004,2022
3766,2007,2022
3767,2004,2022
3768,2005,2021
3769,2004,2022
3770,2012,2015
3771,2004,2022
3772,2004,2017
3773,2004,2021
3774,2009,2020
3775,2005,2022
3776,2005,2022
3777,2006,2022
3778,2004,2022
3779,2004,2022
3780,2012,2015
3781,2005,2022
3782,2014,2022
3783,2011,2022
3784,2004,2021
3785,2005,2022
3786,2004,2022
3787,2004,2022
3788,2004,2022
3789,2004,2022
3790,2012,2015
3791,2011,2021
3792,2004,2022
3793,2004,2022
3794,2012,2022
3795,2012,2021
3796,2006,2022
3797,2005,2022
3798,2015,2021
3799,2012,2015
3800,2004,2020
3801,2007,2018
3802,2011,2018
3803,2004,2022
3804,2004,2022
3805,2004,2022
3806,2006,2022
3807,2005,2015
3808,1996,2019
3809,2012,2015
3810,2006,2022
3811,2004,2018
3812,2005,2022
3813,2006,2022
3814,2004,2022
3815,2006,2022
3816,2004,2022
3817,2004,2022
3818,2012,2015
3819,2004,2019
3820,2004,2018
3821,2004,2022
3822,2004,2022
3823,2011,2015
3828,2012,2015
3839,2012,2015
3850,2012,2015
3861,2012,2015
3872,2012,2015
3883,2012,2015
3894,2012,2015
3905,2012,2015
3917,2012,2015
3928,2012,2015
3939,2012,2015
3950,2012,2015
3961,2012,2015
3972,2012,2015
3983,2012,2015
3994,2012,2015
4005,2012,2015
4016,2012,2015
4028,2012,2015
4039,2012,2015
4091,2011,2019
4092,1997,2014
4093,1989,2019
4095,2011,2019
4096,2011,2019
4097,2011,2019
4098,2011,2019
4099,2011,2019
4102,2006,2020
4103,1985,2015
4104,2006,2020
4105,1996,2018
4106,1995,2015
4107,1992,2015
