population_id,1970,1971,1972,1973,1974,1975,1976,1977,1978,1979,1980,1981,1982,1983,1984,1985,1986,1987,1988,1989,1990,1991,1992,1993,1994,1995,1996,1997,1998,1999,2000,2001,2002,2003,2004,2005,2006,2007,2008,2009,2010,2011,2012,2013,2014,2015,2016,2017,2018
479_3,1,NA,NA,NA,NA,NA,0.00232133398238776,-0.0045475401706041,-0.0079328434243986,-0.00137784822074982,0.00730539504505279,0.0081522505099072,0.00527293879406288,0.00914892586294913,0.0136043293844834,-0.00380272343030441,-0.0482438852104601,-0.0861720763194298,-0.0766561805486918,-0.0237316927125859,0.0217824365224808,0.0207429481541697,-0.0102598691481854,-0.026923312561723,-0.0154439389128609,-0.000677736666382156,-0.00159319511596911,-0.00588109562261474,0.00278812248884019,0.0153921941023927,0.0135236670350511,0.000516672107474525,-0.00476205564111276,0.00131488302701332,0.00455397581555883,0.000498676582218804,0.00202928665734836,0.0131599263013413,0.0164536313756767,0.000172702989146511,-0.0192022832940841,NA,NA,NA,NA,NA,NA,NA,NA
4090_7,1,NA,NA,NA,NA,NA,NA,NA,NA,NA,NA,0.0445281053200359,0.0293990721337936,0.00794428684168613,-0.0050804109928182,-0.00830860725715121,-0.0195825506463916,-0.0494593337381071,-0.0748687862415456,-0.0606399434877558,-0.0113057483775896,0.0227259449758708,0.00642385651347932,-0.0322780994023972,-0.0403720855676337,-0.0121681192296716,0.00810245053081271,-0.00555653573967207,-0.0254315991547223,-0.0164228499662642,0.0117937659100424,0.0240906842421147,0.0127313639433357,0.000886218494945412,0.0011025745543749,0.00112529127393279,-0.00636477525651857,-0.008061931866441,0.00495299182971154,0.0187478297685955,0.0184153022464943,0.0117544022239773,0.0139072254531907,0.0215739500291414,NA,NA,NA,NA,NA
725_4,1,NA,NA,NA,NA,NA,NA,NA,NA,NA,NA,NA,NA,NA,-0.110169899867121,-0.110169899867121,-0.110169899867121,-0.110169899867121,-0.110169899867121,-0.110169899867121,NA,NA,NA,NA,NA,NA,NA,NA,NA,NA,NA,NA,NA,NA,NA,NA,NA,NA,NA,NA,NA,NA,NA,NA,NA,NA,NA,NA,NA
172_1,1,NA,NA,NA,NA,NA,NA,NA,NA,NA,NA,NA,NA,NA,NA,-0.0432408190575018,-0.0432408190575022,-0.0432408190575018,-0.0432408190575018,-0.0432408190575022,-0.0432408190575018,-0.0432408190575022,-0.0432408190575018,-0.0432408190575018,-0.0432408190575022,-0.0432408190575022,-0.0432408190575018,-0.0432408190575022,-0.0432408190575018,-0.0432408190575018,-0.0432408190575022,-0.0432408190575018,-0.0432408190575018,NA,NA,NA,NA,NA,NA,NA,NA,NA,NA,NA,NA,NA,NA,NA,NA
775_6,1,NA,NA,NA,NA,NA,NA,NA,NA,NA,NA,NA,NA,NA,NA,NA,NA,NA,-0.131620717387343,-0.131620717387343,NA,NA,NA,NA,NA,NA,NA,NA,NA,NA,NA,NA,NA,NA,NA,NA,NA,NA,NA,NA,NA,NA,NA,NA,NA,NA,NA,NA,NA
173_2,1,NA,NA,NA,NA,NA,NA,NA,NA,NA,NA,NA,NA,NA,NA,NA,NA,NA,NA,NA,NA,NA,NA,NA,NA,NA,NA,NA,NA,NA,NA,NA,NA,NA,NA,NA,NA,NA,NA,NA,NA,NA,NA,NA,-0.0986047170598399,-0.0986047170598399,-0.0986047170598396,-0.0986047170598396,NA
765_5,NA,NA,NA,NA,NA,NA,NA,NA,NA,NA,NA,NA,NA,NA,NA,NA,NA,NA,NA,NA,NA,NA,NA,NA,NA,NA,NA,NA,NA,NA,NA,NA,NA,NA,NA,NA,NA,NA,NA,NA,NA,NA,NA,NA,NA,NA,NA,NA,NA
480_3,1,NA,NA,NA,NA,NA,NA,NA,NA,NA,NA,NA,NA,NA,NA,NA,NA,NA,0.0547545709871656,0.0541703874439771,0.0535352885653518,0.0533780859284585,0.0534228224189036,0.0526911800858609,0.0503913675456782,0.0465510176627144,0.0418160646771288,0.036833571808331,0.0319203652628612,0.0271606679263074,0.0225636629595294,0.0181832205001018,0.0142529424643887,0.0108916452451866,0.00809467546780884,0.00590568043391704,0.00441686632392768,0.0036119319902046,0.00334767920324208,0.00353218065971683,0.00419990007125759,0.00532133295159443,0.00662624306875292,0.00775020002324944,0.00854146644261355,0.0091065922031095,0.00954885759168511,0.00980837510142618,NA
480_4,1,NA,NA,NA,NA,NA,NA,NA,NA,NA,NA,NA,NA,NA,NA,NA,NA,NA,0.0547545709871656,0.0541703874439771,0.0535352885653518,0.0533780859284585,0.0534228224189036,0.0526911800858609,0.0503913675456782,0.0465510176627144,0.0418160646771288,0.036833571808331,0.0319203652628612,0.0271606679263074,0.0225636629595294,0.0181832205001018,0.0142529424643887,0.0108916452451866,0.00809467546780884,0.00590568043391704,0.00441686632392768,0.0036119319902046,0.00334767920324208,0.00353218065971683,0.00419990007125759,0.00532133295159443,0.00662624306875292,0.00775020002324944,0.00854146644261355,0.0091065922031095,0.00954885759168511,0.00980837510142618,NA
175_1,NA,NA,NA,NA,NA,NA,NA,NA,NA,NA,NA,NA,NA,NA,NA,NA,NA,NA,NA,NA,NA,NA,NA,NA,NA,NA,NA,NA,NA,NA,NA,NA,NA,NA,NA,NA,NA,NA,NA,NA,NA,NA,NA,NA,NA,NA,NA,NA,NA
175_2,NA,NA,NA,NA,NA,NA,NA,NA,NA,NA,NA,NA,NA,NA,NA,NA,NA,NA,NA,NA,NA,NA,NA,NA,NA,NA,NA,NA,NA,NA,NA,NA,NA,NA,NA,NA,NA,NA,NA,NA,NA,NA,NA,NA,NA,NA,NA,NA,NA
481_2,1,NA,NA,NA,NA,NA,NA,NA,NA,NA,NA,NA,NA,NA,NA,NA,0.292070927136328,0.225024673426588,0.0734590049020822,-0.125479619438065,-0.275228220696183,-0.279802450169372,-0.121558650316278,0.10734304696447,0.26390537215398,NA,NA,NA,NA,NA,NA,NA,NA,NA,NA,NA,NA,NA,NA,NA,NA,NA,NA,NA,NA,NA,NA,NA,NA
101_1,NA,NA,NA,NA,NA,NA,NA,NA,NA,NA,NA,NA,NA,NA,NA,NA,NA,NA,NA,NA,NA,NA,NA,NA,NA,NA,NA,NA,NA,NA,NA,NA,NA,NA,NA,NA,NA,NA,NA,NA,NA,NA,NA,NA,NA,NA,NA,NA,NA
534_3,NA,NA,NA,NA,NA,NA,NA,NA,NA,NA,NA,NA,NA,NA,NA,NA,NA,NA,NA,NA,NA,NA,NA,NA,NA,NA,NA,NA,NA,NA,NA,NA,NA,NA,NA,NA,NA,NA,NA,NA,NA,NA,NA,NA,NA,NA,NA,NA,NA
355_2,1,NA,NA,NA,NA,NA,NA,NA,NA,NA,NA,NA,NA,NA,NA,NA,NA,NA,NA,NA,NA,NA,0.240008938845913,0.240008938845913,0.240008938845913,NA,NA,NA,NA,NA,NA,NA,NA,NA,NA,NA,NA,NA,NA,NA,NA,NA,NA,NA,NA,NA,NA,NA,NA
351_1,NA,NA,NA,NA,NA,NA,NA,NA,NA,NA,NA,NA,NA,NA,NA,NA,NA,NA,NA,NA,NA,NA,NA,NA,NA,NA,NA,NA,NA,NA,NA,NA,NA,NA,NA,NA,NA,NA,NA,NA,NA,NA,NA,NA,NA,NA,NA,NA,NA
192_1,NA,NA,NA,NA,NA,NA,NA,NA,NA,NA,NA,NA,NA,NA,NA,NA,NA,NA,NA,NA,NA,NA,NA,NA,NA,NA,NA,NA,NA,NA,NA,NA,NA,NA,NA,NA,NA,NA,NA,NA,NA,NA,NA,NA,NA,NA,NA,NA,NA
32_1,1,NA,NA,NA,NA,NA,NA,NA,NA,0.00951363870265465,0.00951363870265443,0.00951363870265443,0.00951363870265443,0.00951363870265465,0.00951363870265443,0.00951363870265465,0.00951363870265443,0.00951363870265465,0.00951363870265443,0.00951363870265443,0.00951363870265465,0.00951363870265443,0.00951363870265443,0.00951363870265465,NA,NA,NA,NA,NA,NA,NA,NA,NA,NA,NA,NA,NA,NA,NA,NA,NA,NA,NA,NA,NA,NA,NA,NA,NA
292_3,1,NA,NA,NA,NA,NA,NA,NA,NA,NA,NA,NA,NA,NA,NA,NA,NA,NA,NA,NA,NA,NA,NA,NA,NA,NA,-0.0542571529527016,-0.0472426873797676,-0.0321583575796118,-0.0111766572147403,0.0102680680828844,0.0255270597978241,0.0294075803770737,0.0207404363121051,0.00362903197650932,-0.0138866154032173,-0.0241213881456175,NA,NA,NA,NA,NA,NA,NA,NA,NA,NA,NA,NA
293_4,1,NA,NA,NA,NA,NA,NA,NA,NA,NA,NA,NA,NA,NA,NA,NA,NA,NA,NA,NA,NA,NA,NA,NA,NA,NA,0.00889148494120562,0.00889148494120606,0.0088914849412054,0.00889148494120562,0.00889148494120562,0.00889148494120584,0.00889148494120562,0.00889148494120562,0.00889148494120562,NA,NA,NA,NA,NA,NA,NA,NA,NA,NA,NA,NA,NA,NA
294_5,1,NA,NA,NA,NA,NA,NA,NA,NA,NA,NA,NA,NA,NA,NA,NA,NA,NA,NA,NA,NA,NA,NA,NA,NA,NA,0.00472701953847476,0.00472701953876831,0.00472701953867771,0.00472701953762944,0.00472701953586019,0.00472701953411647,0.00472701953280952,0.00472701953179011,0.00472701953090282,0.00472701953034482,NA,NA,NA,NA,NA,NA,NA,NA,NA,NA,NA,NA,NA
210_1,NA,NA,NA,NA,NA,NA,NA,NA,NA,NA,NA,NA,NA,NA,NA,NA,NA,NA,NA,NA,NA,NA,NA,NA,NA,NA,NA,NA,NA,NA,NA,NA,NA,NA,NA,NA,NA,NA,NA,NA,NA,NA,NA,NA,NA,NA,NA,NA,NA
210_2,NA,NA,NA,NA,NA,NA,NA,NA,NA,NA,NA,NA,NA,NA,NA,NA,NA,NA,NA,NA,NA,NA,NA,NA,NA,NA,NA,NA,NA,NA,NA,NA,NA,NA,NA,NA,NA,NA,NA,NA,NA,NA,NA,NA,NA,NA,NA,NA,NA
210_3,NA,NA,NA,NA,NA,NA,NA,NA,NA,NA,NA,NA,NA,NA,NA,NA,NA,NA,NA,NA,NA,NA,NA,NA,NA,NA,NA,NA,NA,NA,NA,NA,NA,NA,NA,NA,NA,NA,NA,NA,NA,NA,NA,NA,NA,NA,NA,NA,NA
30_2,1,NA,NA,NA,NA,NA,NA,NA,NA,NA,NA,NA,NA,NA,NA,NA,0.0859716750895863,0.0859716750895867,0.0859716750895867,0.0859716750895867,0.0859716750895867,0.0859716750895867,NA,NA,NA,NA,NA,NA,NA,NA,NA,NA,NA,NA,NA,NA,NA,NA,NA,NA,NA,NA,NA,NA,NA,NA,NA,NA,NA
31_3,1,NA,NA,NA,NA,NA,NA,NA,NA,NA,NA,NA,NA,NA,NA,NA,-0.00401890484393652,-0.00401890484393608,-0.00401890484393652,-0.00401890484393652,-0.00401890484393608,-0.00401890484393608,NA,NA,NA,NA,NA,NA,NA,NA,NA,NA,NA,NA,NA,NA,NA,NA,NA,NA,NA,NA,NA,NA,NA,NA,NA,NA,NA
29_1,1,NA,NA,NA,NA,NA,NA,NA,NA,NA,NA,NA,NA,NA,NA,NA,NA,-0.0387879299999527,-0.0387879299999525,-0.0387879299999525,-0.0387879299999527,-0.0387879299999525,NA,NA,NA,NA,NA,NA,NA,NA,NA,NA,NA,NA,NA,NA,NA,NA,NA,NA,NA,NA,NA,NA,NA,NA,NA,NA,NA
247_2,1,NA,NA,NA,NA,NA,NA,NA,NA,NA,NA,NA,NA,NA,NA,NA,-0.0497279050707304,-0.04972790507073,-0.0497279050707304,-0.0497279050707302,-0.0497279050707302,-0.0497279050707304,-0.04972790507073,-0.0497279050707304,NA,NA,NA,NA,NA,NA,NA,NA,NA,NA,NA,NA,NA,NA,NA,NA,NA,NA,NA,NA,NA,NA,NA,NA,NA
248_3,1,NA,NA,NA,NA,NA,NA,NA,NA,NA,NA,NA,NA,NA,NA,NA,0.00144062187039795,0.00144062187039795,0.00144062187039773,0.00144062187039795,0.00144062187039795,0.00144062187039795,0.00144062187039773,0.00144062187039795,NA,NA,NA,NA,NA,NA,NA,NA,NA,NA,NA,NA,NA,NA,NA,NA,NA,NA,NA,NA,NA,NA,NA,NA,NA
198_1,1,NA,NA,NA,NA,NA,NA,NA,NA,NA,NA,NA,NA,NA,NA,NA,NA,NA,NA,NA,NA,NA,NA,NA,NA,NA,-0.0354420305841463,-0.0359462731106976,-0.0357287951947309,-0.0332731354095366,-0.0280822753040677,-0.020974061036199,-0.0132946377658767,-0.00608852771010548,-7.93364167805954e-06,0.004343168498949,0.00648706719417458,NA,NA,NA,NA,NA,NA,NA,NA,NA,NA,NA,NA
283_4,1,NA,NA,NA,NA,NA,NA,NA,NA,NA,NA,NA,NA,NA,NA,NA,NA,NA,NA,NA,NA,NA,NA,NA,NA,NA,0.0621562510144249,0.0621562510144247,0.0621562510144249,0.0621562510144247,0.0621562510144249,0.0621562510144249,0.0621562510144247,0.0621562510144249,0.0621562510144249,NA,NA,NA,NA,NA,NA,NA,NA,NA,NA,NA,NA,NA,NA
284_5,1,NA,NA,NA,NA,NA,NA,NA,NA,NA,NA,NA,NA,NA,NA,NA,NA,NA,NA,NA,NA,NA,NA,NA,NA,NA,0.0263410672579552,0.0233316529044203,0.0176545492066114,0.0106192790506561,0.00365041563468482,-0.00242298525203855,-0.00738505699680747,-0.0112559561840275,-0.0139511075007666,-0.0152970180599246,NA,NA,NA,NA,NA,NA,NA,NA,NA,NA,NA,NA,NA
285_6,1,NA,NA,NA,NA,NA,NA,NA,NA,NA,NA,NA,NA,NA,NA,NA,NA,NA,NA,NA,NA,NA,NA,NA,NA,NA,NA,NA,NA,NA,NA,NA,NA,-0.10517928308414,-0.0662424782509434,0.0180840464978009,0.123803538171607,0.195945625448586,0.188114513660814,0.107521124144273,0.0170856740811147,-0.0169157705168581,0.0145988739062624,0.0538370564260935,0.0270480817550098,-0.0927087254613985,-0.266079674179918,-0.420538860288275,-0.502488148550484
3827_13,1,NA,NA,NA,NA,NA,NA,NA,NA,NA,NA,NA,NA,NA,NA,NA,NA,NA,NA,NA,NA,NA,NA,NA,NA,NA,NA,NA,NA,NA,NA,NA,NA,NA,NA,NA,0,0,0,0,0,0,0,0,NA,NA,NA,NA,NA
3041_9,1,NA,NA,NA,NA,NA,NA,NA,NA,NA,NA,NA,NA,NA,NA,NA,NA,NA,NA,NA,NA,NA,NA,NA,NA,NA,NA,NA,NA,NA,NA,NA,NA,NA,NA,NA,-0.0448649848355295,-0.0448649848355294,-0.0448649848355294,-0.0448649848355294,-0.0448649848355294,-0.0448649848355294,-0.0448649848355294,-0.0448649848355294,-0.0448649848355293,-0.0448649848355294,-0.0448649848355294,-0.0448649848355294,NA
3039_7,1,NA,NA,NA,NA,NA,NA,NA,NA,NA,NA,NA,NA,NA,NA,NA,NA,NA,NA,NA,NA,NA,NA,NA,NA,NA,NA,NA,NA,NA,NA,NA,NA,NA,NA,NA,-0.0762412012707552,-0.0762412012707553,-0.0762412012707552,-0.0762412012707551,-0.0762412012707553,-0.0762412012707552,-0.0762412012707552,-0.0762412012707552,NA,NA,NA,NA,NA
3040_8,NA,NA,NA,NA,NA,NA,NA,NA,NA,NA,NA,NA,NA,NA,NA,NA,NA,NA,NA,NA,NA,NA,NA,NA,NA,NA,NA,NA,NA,NA,NA,NA,NA,NA,NA,NA,NA,NA,NA,NA,NA,NA,NA,NA,NA,NA,NA,NA,NA
3042_10,NA,NA,NA,NA,NA,NA,NA,NA,NA,NA,NA,NA,NA,NA,NA,NA,NA,NA,NA,NA,NA,NA,NA,NA,NA,NA,NA,NA,NA,NA,NA,NA,NA,NA,NA,NA,NA,NA,NA,NA,NA,NA,NA,NA,NA,NA,NA,NA,NA
3044_12,NA,NA,NA,NA,NA,NA,NA,NA,NA,NA,NA,NA,NA,NA,NA,NA,NA,NA,NA,NA,NA,NA,NA,NA,NA,NA,NA,NA,NA,NA,NA,NA,NA,NA,NA,NA,NA,NA,NA,NA,NA,NA,NA,NA,NA,NA,NA,NA,NA
3043_11,NA,NA,NA,NA,NA,NA,NA,NA,NA,NA,NA,NA,NA,NA,NA,NA,NA,NA,NA,NA,NA,NA,NA,NA,NA,NA,NA,NA,NA,NA,NA,NA,NA,NA,NA,NA,NA,NA,NA,NA,NA,NA,NA,NA,NA,NA,NA,NA,NA
177_2,NA,NA,NA,NA,NA,NA,NA,NA,NA,NA,NA,NA,NA,NA,NA,NA,NA,NA,NA,NA,NA,NA,NA,NA,NA,NA,NA,NA,NA,NA,NA,NA,NA,NA,NA,NA,NA,NA,NA,NA,NA,NA,NA,NA,NA,NA,NA,NA,NA
171_1,NA,NA,NA,NA,NA,NA,NA,NA,NA,NA,NA,NA,NA,NA,NA,NA,NA,NA,NA,NA,NA,NA,NA,NA,NA,NA,NA,NA,NA,NA,NA,NA,NA,NA,NA,NA,NA,NA,NA,NA,NA,NA,NA,NA,NA,NA,NA,NA,NA
289_1,1,NA,NA,NA,NA,NA,NA,NA,NA,NA,NA,NA,NA,NA,NA,NA,NA,NA,NA,NA,NA,NA,NA,NA,NA,NA,-0.0102967420066904,-0.0102967420068174,-0.010296742006886,-0.0102967420067277,-0.010296742006412,-0.0102967420062252,-0.0102967420064124,-0.0102967420069648,-0.010296742007643,-0.0102967420081763,-0.0102967420084359,NA,NA,NA,NA,NA,NA,NA,NA,NA,NA,NA,NA
289_2,1,NA,NA,NA,NA,NA,NA,NA,NA,NA,NA,NA,NA,NA,NA,NA,NA,NA,NA,NA,NA,NA,NA,NA,NA,NA,-0.0102967420066904,-0.0102967420068174,-0.010296742006886,-0.0102967420067277,-0.010296742006412,-0.0102967420062252,-0.0102967420064124,-0.0102967420069648,-0.010296742007643,-0.0102967420081763,-0.0102967420084359,NA,NA,NA,NA,NA,NA,NA,NA,NA,NA,NA,NA
290_3,1,NA,NA,NA,NA,NA,NA,NA,NA,NA,NA,NA,NA,NA,NA,NA,NA,NA,NA,NA,NA,NA,NA,NA,NA,NA,-0.0293515771881223,-0.0293515771881216,-0.0293515771881221,-0.0293515771881219,-0.0293515771881219,-0.0293515771881219,-0.0293515771881219,-0.0293515771881221,-0.0293515771881219,NA,NA,NA,NA,NA,NA,NA,NA,NA,NA,NA,NA,NA,NA
290_4,1,NA,NA,NA,NA,NA,NA,NA,NA,NA,NA,NA,NA,NA,NA,NA,NA,NA,NA,NA,NA,NA,NA,NA,NA,NA,-0.0293515771881223,-0.0293515771881216,-0.0293515771881221,-0.0293515771881219,-0.0293515771881219,-0.0293515771881219,-0.0293515771881219,-0.0293515771881221,-0.0293515771881219,NA,NA,NA,NA,NA,NA,NA,NA,NA,NA,NA,NA,NA,NA
291_5,1,NA,NA,NA,NA,NA,NA,NA,NA,NA,NA,NA,NA,NA,NA,NA,NA,NA,NA,NA,NA,NA,NA,NA,NA,NA,-0.0607719517185255,-0.0272921353869364,0.0137103153695,0.0319637459174813,0.024286447219156,0.0106279413358139,0.00602485832141708,0.00763027173408171,0.00735750475957864,0.00521510041974627,NA,NA,NA,NA,NA,NA,NA,NA,NA,NA,NA,NA,NA
291_6,1,NA,NA,NA,NA,NA,NA,NA,NA,NA,NA,NA,NA,NA,NA,NA,NA,NA,NA,NA,NA,NA,NA,NA,NA,NA,-0.0607719517185255,-0.0272921353869364,0.0137103153695,0.0319637459174813,0.024286447219156,0.0106279413358139,0.00602485832141708,0.00763027173408171,0.00735750475957864,0.00521510041974627,NA,NA,NA,NA,NA,NA,NA,NA,NA,NA,NA,NA,NA
3028_11,1,NA,NA,NA,NA,NA,NA,NA,NA,NA,NA,NA,NA,NA,NA,NA,NA,NA,NA,NA,NA,NA,NA,NA,NA,NA,NA,NA,NA,NA,NA,-0.0477121254719662,-0.0477121254719663,-0.0477121254719662,NA,NA,NA,NA,NA,NA,NA,NA,NA,NA,NA,NA,NA,NA,NA
3028_12,1,NA,NA,NA,NA,NA,NA,NA,NA,NA,NA,NA,NA,NA,NA,NA,NA,NA,NA,NA,NA,NA,NA,NA,NA,NA,NA,NA,NA,NA,NA,-0.0477121254719662,-0.0477121254719663,-0.0477121254719662,NA,NA,NA,NA,NA,NA,NA,NA,NA,NA,NA,NA,NA,NA,NA
3035_25,1,NA,NA,NA,NA,NA,NA,NA,NA,NA,NA,NA,NA,NA,NA,NA,NA,NA,NA,NA,NA,NA,NA,NA,NA,NA,NA,NA,NA,NA,NA,0.00774649707523678,0.00774649707523667,0.00774649707523678,0.00774649707523667,0.00774649707523678,0.00774649707523667,0.00774649707523667,0.00774649707523678,0.00774649707523667,0.00774649707523667,0.00774649707523678,0.00774649707523667,0.00774649707523667,0.00774649707523678,0.00774649707523667,0.00774649707523678,0.00774649707523667,NA
3035_26,1,NA,NA,NA,NA,NA,NA,NA,NA,NA,NA,NA,NA,NA,NA,NA,NA,NA,NA,NA,NA,NA,NA,NA,NA,NA,NA,NA,NA,NA,NA,0.00774649707523678,0.00774649707523667,0.00774649707523678,0.00774649707523667,0.00774649707523678,0.00774649707523667,0.00774649707523667,0.00774649707523678,0.00774649707523667,0.00774649707523667,0.00774649707523678,0.00774649707523667,0.00774649707523667,0.00774649707523678,0.00774649707523667,0.00774649707523678,0.00774649707523667,NA
3036_27,1,NA,NA,NA,NA,NA,NA,NA,NA,NA,NA,NA,NA,NA,NA,NA,NA,NA,NA,NA,NA,NA,NA,NA,NA,NA,NA,NA,NA,NA,NA,0.0334007111125722,0.0334007111125723,0.0334007111125723,0.0334007111125723,0.0334007111125721,0.0334007111125723,0.0334007111125723,0.0334007111125721,0.0334007111125723,0.0334007111125723,0.0334007111125723,0.0334007111125723,0.0334007111125723,0.0334007111125723,0.0334007111125723,0.0334007111125723,NA,NA
3036_28,1,NA,NA,NA,NA,NA,NA,NA,NA,NA,NA,NA,NA,NA,NA,NA,NA,NA,NA,NA,NA,NA,NA,NA,NA,NA,NA,NA,NA,NA,NA,0.0334007111125722,0.0334007111125723,0.0334007111125723,0.0334007111125723,0.0334007111125721,0.0334007111125723,0.0334007111125723,0.0334007111125721,0.0334007111125723,0.0334007111125723,0.0334007111125723,0.0334007111125723,0.0334007111125723,0.0334007111125723,0.0334007111125723,0.0334007111125723,NA,NA
3038_31,1,NA,NA,NA,NA,NA,NA,NA,NA,NA,NA,NA,NA,NA,NA,NA,NA,NA,NA,NA,NA,NA,NA,NA,NA,NA,NA,NA,NA,NA,NA,0.00556547301826937,0.00556547301826937,0.00556547301826937,0.00556547301826948,0.00556547301826926,0.00556547301826948,0.00556547301826937,0.00556547301826937,0.00556547301826937,0.00556547301826926,0.00556547301826937,0.00556547301826937,0.00556547301826937,0.00556547301826937,0.00556547301826937,0.00556547301826948,0.00556547301826937,NA
3038_32,1,NA,NA,NA,NA,NA,NA,NA,NA,NA,NA,NA,NA,NA,NA,NA,NA,NA,NA,NA,NA,NA,NA,NA,NA,NA,NA,NA,NA,NA,NA,0.00556547301826937,0.00556547301826937,0.00556547301826937,0.00556547301826948,0.00556547301826926,0.00556547301826948,0.00556547301826937,0.00556547301826937,0.00556547301826937,0.00556547301826926,0.00556547301826937,0.00556547301826937,0.00556547301826937,0.00556547301826937,0.00556547301826937,0.00556547301826948,0.00556547301826937,NA
3027_9,1,NA,NA,NA,NA,NA,NA,NA,NA,NA,NA,NA,NA,NA,NA,NA,NA,NA,NA,NA,NA,NA,NA,NA,NA,NA,NA,NA,NA,NA,NA,NA,0.00475593845801026,0.00475593845801037,0.00475593845801037,0.00475593845801014,0.00475593845801037,0.00475593845801026,0.00475593845801037,0.00475593845801037,0.00475593845801026,0.00475593845801014,0.00475593845801037,0.00475593845801026,0.00475593845801037,0.00475593845801037,0.00475593845801026,NA,NA
3027_10,1,NA,NA,NA,NA,NA,NA,NA,NA,NA,NA,NA,NA,NA,NA,NA,NA,NA,NA,NA,NA,NA,NA,NA,NA,NA,NA,NA,NA,NA,NA,NA,0.00475593845801026,0.00475593845801037,0.00475593845801037,0.00475593845801014,0.00475593845801037,0.00475593845801026,0.00475593845801037,0.00475593845801037,0.00475593845801026,0.00475593845801014,0.00475593845801037,0.00475593845801026,0.00475593845801037,0.00475593845801037,0.00475593845801026,NA,NA
3029_13,1,NA,NA,NA,NA,NA,NA,NA,NA,NA,NA,NA,NA,NA,NA,NA,NA,NA,NA,NA,NA,NA,NA,NA,NA,NA,NA,NA,NA,NA,NA,NA,0.00639763709906416,0.00639763709906421,0.00639763709906421,0.00639763709906421,0.00639763709906416,0.00639763709906421,0.00639763709906416,0.00639763709906427,0.00639763709906416,0.00639763709906416,0.00639763709906427,0.00639763709906416,0.00639763709906427,0.00639763709906416,0.00639763709906416,NA,NA
3029_14,1,NA,NA,NA,NA,NA,NA,NA,NA,NA,NA,NA,NA,NA,NA,NA,NA,NA,NA,NA,NA,NA,NA,NA,NA,NA,NA,NA,NA,NA,NA,NA,0.00639763709906416,0.00639763709906421,0.00639763709906421,0.00639763709906421,0.00639763709906416,0.00639763709906421,0.00639763709906416,0.00639763709906427,0.00639763709906416,0.00639763709906416,0.00639763709906427,0.00639763709906416,0.00639763709906427,0.00639763709906416,0.00639763709906416,NA,NA
3030_15,1,NA,NA,NA,NA,NA,NA,NA,NA,NA,NA,NA,NA,NA,NA,NA,NA,NA,NA,NA,NA,NA,NA,NA,NA,NA,NA,NA,NA,NA,NA,NA,NA,-0.0151976308490551,-0.015197630849055,-0.015197630849055,-0.0151976308490551,-0.015197630849055,-0.015197630849055,-0.015197630849055,-0.015197630849055,-0.0151976308490551,-0.015197630849055,-0.015197630849055,-0.015197630849055,-0.015197630849055,-0.0151976308490551,NA,NA
3030_16,1,NA,NA,NA,NA,NA,NA,NA,NA,NA,NA,NA,NA,NA,NA,NA,NA,NA,NA,NA,NA,NA,NA,NA,NA,NA,NA,NA,NA,NA,NA,NA,NA,-0.0151976308490551,-0.015197630849055,-0.015197630849055,-0.0151976308490551,-0.015197630849055,-0.015197630849055,-0.015197630849055,-0.015197630849055,-0.0151976308490551,-0.015197630849055,-0.015197630849055,-0.015197630849055,-0.015197630849055,-0.0151976308490551,NA,NA
3031_17,1,NA,NA,NA,NA,NA,NA,NA,NA,NA,NA,NA,NA,NA,NA,NA,NA,NA,NA,NA,NA,NA,NA,NA,NA,NA,NA,NA,NA,NA,NA,NA,NA,0.025255561205909,0.0252555612059089,0.0252555612059089,0.0252555612059089,0.025255561205909,0.0252555612059089,0.0252555612059089,0.025255561205909,0.0252555612059089,0.025255561205909,0.0252555612059089,0.0252555612059089,0.0252555612059089,0.0252555612059089,0.0252555612059089,NA
3031_18,1,NA,NA,NA,NA,NA,NA,NA,NA,NA,NA,NA,NA,NA,NA,NA,NA,NA,NA,NA,NA,NA,NA,NA,NA,NA,NA,NA,NA,NA,NA,NA,NA,0.025255561205909,0.0252555612059089,0.0252555612059089,0.0252555612059089,0.025255561205909,0.0252555612059089,0.0252555612059089,0.025255561205909,0.0252555612059089,0.025255561205909,0.0252555612059089,0.0252555612059089,0.0252555612059089,0.0252555612059089,0.0252555612059089,NA
3032_19,1,NA,NA,NA,NA,NA,NA,NA,NA,NA,NA,NA,NA,NA,NA,NA,NA,NA,NA,NA,NA,NA,NA,NA,NA,NA,NA,NA,NA,NA,NA,NA,NA,0.0306474008826003,0.0306474008826003,0.0306474008826004,0.0306474008826002,0.0306474008826003,0.0306474008826004,0.0306474008826003,0.0306474008826003,0.0306474008826003,0.0306474008826002,0.0306474008826004,0.0306474008826002,0.0306474008826004,0.0306474008826002,NA,NA
3032_20,1,NA,NA,NA,NA,NA,NA,NA,NA,NA,NA,NA,NA,NA,NA,NA,NA,NA,NA,NA,NA,NA,NA,NA,NA,NA,NA,NA,NA,NA,NA,NA,NA,0.0306474008826003,0.0306474008826003,0.0306474008826004,0.0306474008826002,0.0306474008826003,0.0306474008826004,0.0306474008826003,0.0306474008826003,0.0306474008826003,0.0306474008826002,0.0306474008826004,0.0306474008826002,0.0306474008826004,0.0306474008826002,NA,NA
3033_21,1,NA,NA,NA,NA,NA,NA,NA,NA,NA,NA,NA,NA,NA,NA,NA,NA,NA,NA,NA,NA,NA,NA,NA,NA,NA,NA,NA,NA,NA,NA,NA,NA,0.0447053049527908,0.0447053049527909,0.0447053049527908,0.0447053049527908,0.0447053049527908,0.0447053049527908,0.0447053049527908,0.0447053049527908,0.0447053049527908,0.0447053049527907,0.0447053049527908,0.0447053049527908,0.0447053049527908,0.0447053049527908,NA,NA
3033_22,1,NA,NA,NA,NA,NA,NA,NA,NA,NA,NA,NA,NA,NA,NA,NA,NA,NA,NA,NA,NA,NA,NA,NA,NA,NA,NA,NA,NA,NA,NA,NA,NA,0.0447053049527908,0.0447053049527909,0.0447053049527908,0.0447053049527908,0.0447053049527908,0.0447053049527908,0.0447053049527908,0.0447053049527908,0.0447053049527908,0.0447053049527907,0.0447053049527908,0.0447053049527908,0.0447053049527908,0.0447053049527908,NA,NA
3825_33,1,NA,NA,NA,NA,NA,NA,NA,NA,NA,NA,NA,NA,NA,NA,NA,NA,NA,NA,NA,NA,NA,NA,NA,NA,NA,NA,NA,NA,NA,NA,NA,NA,-0.172193180801269,-0.142811908520189,-0.0789903823347337,-0.000832443481102896,0.0466241224388427,0.0294921141676256,-0.0354709425653585,-0.0836310164558884,-0.05573643415894,0.0456990888919158,0.153221481271789,0.18920968971837,0.126828705993707,0.00414658965451675,-0.112002794665539,-0.174347416465527
3825_34,1,NA,NA,NA,NA,NA,NA,NA,NA,NA,NA,NA,NA,NA,NA,NA,NA,NA,NA,NA,NA,NA,NA,NA,NA,NA,NA,NA,NA,NA,NA,NA,NA,-0.172193180801269,-0.142811908520189,-0.0789903823347337,-0.000832443481102896,0.0466241224388427,0.0294921141676256,-0.0354709425653585,-0.0836310164558884,-0.05573643415894,0.0456990888919158,0.153221481271789,0.18920968971837,0.126828705993707,0.00414658965451675,-0.112002794665539,-0.174347416465527
3037_29,1,NA,NA,NA,NA,NA,NA,NA,NA,NA,NA,NA,NA,NA,NA,NA,NA,NA,NA,NA,NA,NA,NA,NA,NA,NA,NA,NA,NA,NA,NA,NA,NA,NA,0.0170149082639056,0.0170149082639055,0.0170149082639057,0.0170149082639056,0.0170149082639056,0.0170149082639055,0.0170149082639056,0.0170149082639056,0.0170149082639055,NA,NA,NA,NA,NA,NA
3037_30,1,NA,NA,NA,NA,NA,NA,NA,NA,NA,NA,NA,NA,NA,NA,NA,NA,NA,NA,NA,NA,NA,NA,NA,NA,NA,NA,NA,NA,NA,NA,NA,NA,NA,0.0170149082639056,0.0170149082639055,0.0170149082639057,0.0170149082639056,0.0170149082639056,0.0170149082639055,0.0170149082639056,0.0170149082639056,0.0170149082639055,NA,NA,NA,NA,NA,NA
3034_23,NA,NA,NA,NA,NA,NA,NA,NA,NA,NA,NA,NA,NA,NA,NA,NA,NA,NA,NA,NA,NA,NA,NA,NA,NA,NA,NA,NA,NA,NA,NA,NA,NA,NA,NA,NA,NA,NA,NA,NA,NA,NA,NA,NA,NA,NA,NA,NA,NA
3034_24,NA,NA,NA,NA,NA,NA,NA,NA,NA,NA,NA,NA,NA,NA,NA,NA,NA,NA,NA,NA,NA,NA,NA,NA,NA,NA,NA,NA,NA,NA,NA,NA,NA,NA,NA,NA,NA,NA,NA,NA,NA,NA,NA,NA,NA,NA,NA,NA,NA
280_1,NA,NA,NA,NA,NA,NA,NA,NA,NA,NA,NA,NA,NA,NA,NA,NA,NA,NA,NA,NA,NA,NA,NA,NA,NA,NA,NA,NA,NA,NA,NA,NA,NA,NA,NA,NA,NA,NA,NA,NA,NA,NA,NA,NA,NA,NA,NA,NA,NA
282_1,1,NA,NA,NA,NA,NA,NA,NA,NA,NA,NA,NA,NA,NA,NA,NA,NA,NA,NA,NA,NA,NA,NA,NA,NA,NA,0.0492634724242587,0.0492634724242587,0.0492634724242588,0.0492634724242587,0.0492634724242587,0.0492634724242588,0.0492634724242585,NA,NA,NA,NA,NA,NA,NA,NA,NA,NA,NA,NA,NA,NA,NA,NA
282_2,1,NA,NA,NA,NA,NA,NA,NA,NA,NA,NA,NA,NA,NA,NA,NA,NA,NA,NA,NA,NA,NA,NA,NA,NA,NA,0.0492634724242587,0.0492634724242587,0.0492634724242588,0.0492634724242587,0.0492634724242587,0.0492634724242588,0.0492634724242585,NA,NA,NA,NA,NA,NA,NA,NA,NA,NA,NA,NA,NA,NA,NA,NA
328_5,1,NA,NA,NA,NA,NA,NA,NA,NA,NA,NA,NA,NA,NA,NA,NA,NA,NA,NA,NA,NA,NA,NA,NA,NA,NA,NA,NA,NA,0.128201368351663,0.128201368351663,0.128201368351663,0.128201368351663,NA,NA,NA,NA,NA,NA,NA,NA,NA,NA,NA,NA,NA,NA,NA,NA
328_6,1,NA,NA,NA,NA,NA,NA,NA,NA,NA,NA,NA,NA,NA,NA,NA,NA,NA,NA,NA,NA,NA,NA,NA,NA,NA,NA,NA,NA,0.128201368351663,0.128201368351663,0.128201368351663,0.128201368351663,NA,NA,NA,NA,NA,NA,NA,NA,NA,NA,NA,NA,NA,NA,NA,NA
331_1,1,NA,NA,NA,NA,NA,NA,NA,NA,NA,NA,NA,NA,NA,NA,NA,NA,NA,NA,NA,NA,NA,NA,NA,NA,NA,NA,NA,0.499597502682035,0.499597502682035,NA,NA,NA,NA,NA,NA,NA,NA,NA,NA,NA,NA,NA,NA,NA,NA,NA,NA,NA
3136_2,1,NA,NA,NA,NA,NA,NA,NA,NA,NA,NA,NA,NA,NA,NA,NA,NA,NA,NA,NA,NA,NA,NA,NA,NA,NA,NA,NA,NA,NA,NA,NA,NA,NA,NA,NA,NA,NA,NA,0.0638892075323967,0.0636189686613582,0.0629875533533548,0.0619275232056853,0.060448634568544,0.0586907964442176,0.0569444478173629,0.0555819725069853,0.0548820744774647,NA
155_2,1,NA,NA,NA,NA,NA,NA,NA,NA,NA,NA,NA,NA,NA,NA,NA,NA,NA,NA,NA,NA,NA,NA,NA,NA,NA,NA,NA,-0.0974107268008837,-0.0974107268012777,-0.0974107268019796,-0.0974107268027497,-0.0974107268033438,-0.0974107268036496,-0.0974107268037108,-0.0974107268036576,-0.0974107268036077,NA,NA,NA,NA,NA,NA,NA,NA,NA,NA,NA,NA
148_1,1,NA,NA,NA,NA,NA,NA,NA,NA,NA,NA,NA,NA,NA,NA,NA,NA,NA,NA,NA,NA,NA,NA,NA,NA,NA,NA,NA,NA,NA,NA,-0.0845447413257294,-0.0845447413257294,-0.0845447413257293,-0.0845447413257294,-0.0845447413257294,-0.0845447413257294,NA,NA,NA,NA,NA,NA,NA,NA,NA,NA,NA,NA
337_3,1,NA,NA,NA,NA,NA,NA,NA,NA,NA,NA,NA,NA,NA,NA,NA,NA,NA,NA,NA,NA,NA,NA,NA,NA,NA,NA,NA,-0.258314898001781,-0.258314898001781,NA,NA,NA,NA,NA,NA,NA,NA,NA,NA,NA,NA,NA,NA,NA,NA,NA,NA,NA
337_4,1,NA,NA,NA,NA,NA,NA,NA,NA,NA,NA,NA,NA,NA,NA,NA,NA,NA,NA,NA,NA,NA,NA,NA,NA,NA,NA,NA,-0.258314898001781,-0.258314898001781,NA,NA,NA,NA,NA,NA,NA,NA,NA,NA,NA,NA,NA,NA,NA,NA,NA,NA,NA
319_1,1,NA,NA,NA,NA,NA,NA,NA,NA,NA,NA,NA,NA,NA,NA,NA,NA,NA,NA,NA,NA,NA,NA,NA,NA,NA,NA,NA,NA,-0.0274421477053095,-0.0274421477053095,NA,NA,NA,NA,NA,NA,NA,NA,NA,NA,NA,NA,NA,NA,NA,NA,NA,NA
319_2,1,NA,NA,NA,NA,NA,NA,NA,NA,NA,NA,NA,NA,NA,NA,NA,NA,NA,NA,NA,NA,NA,NA,NA,NA,NA,NA,NA,NA,-0.0274421477053095,-0.0274421477053095,NA,NA,NA,NA,NA,NA,NA,NA,NA,NA,NA,NA,NA,NA,NA,NA,NA,NA
91_1,NA,NA,NA,NA,NA,NA,NA,NA,NA,NA,NA,NA,NA,NA,NA,NA,NA,NA,NA,NA,NA,NA,NA,NA,NA,NA,NA,NA,NA,NA,NA,NA,NA,NA,NA,NA,NA,NA,NA,NA,NA,NA,NA,NA,NA,NA,NA,NA,NA
336_1,1,NA,NA,NA,NA,NA,NA,NA,NA,NA,NA,NA,NA,NA,NA,NA,NA,NA,NA,NA,NA,NA,NA,NA,NA,NA,NA,NA,0.197073509827501,0.197073509827501,NA,NA,NA,NA,NA,NA,NA,NA,NA,NA,NA,NA,NA,NA,NA,NA,NA,NA,NA
536_4,1,NA,NA,NA,NA,NA,NA,NA,NA,NA,NA,NA,NA,NA,NA,NA,NA,NA,NA,NA,NA,NA,NA,NA,NA,NA,NA,NA,NA,-0.0129170809804027,-0.0129170809804027,-0.0129170809804029,NA,NA,NA,NA,NA,NA,NA,NA,NA,NA,NA,NA,NA,NA,NA,NA,NA
536_5,1,NA,NA,NA,NA,NA,NA,NA,NA,NA,NA,NA,NA,NA,NA,NA,NA,NA,NA,NA,NA,NA,NA,NA,NA,NA,NA,NA,NA,-0.0129170809804027,-0.0129170809804027,-0.0129170809804029,NA,NA,NA,NA,NA,NA,NA,NA,NA,NA,NA,NA,NA,NA,NA,NA,NA
536_6,1,NA,NA,NA,NA,NA,NA,NA,NA,NA,NA,NA,NA,NA,NA,NA,NA,NA,NA,NA,NA,NA,NA,NA,NA,NA,NA,NA,NA,-0.0129170809804027,-0.0129170809804027,-0.0129170809804029,NA,NA,NA,NA,NA,NA,NA,NA,NA,NA,NA,NA,NA,NA,NA,NA,NA
149_1,1,NA,NA,NA,NA,NA,NA,NA,NA,NA,NA,NA,NA,NA,NA,NA,NA,NA,NA,NA,NA,NA,NA,NA,NA,NA,NA,NA,NA,NA,NA,-0.0198617204858171,-0.0198617204858169,-0.0198617204858171,-0.0198617204858171,-0.0198617204858171,-0.0198617204858174,NA,NA,NA,NA,NA,NA,NA,NA,NA,NA,NA,NA
149_2,1,NA,NA,NA,NA,NA,NA,NA,NA,NA,NA,NA,NA,NA,NA,NA,NA,NA,NA,NA,NA,NA,NA,NA,NA,NA,NA,NA,NA,NA,NA,-0.0198617204858171,-0.0198617204858169,-0.0198617204858171,-0.0198617204858171,-0.0198617204858171,-0.0198617204858174,NA,NA,NA,NA,NA,NA,NA,NA,NA,NA,NA,NA
149_3,1,NA,NA,NA,NA,NA,NA,NA,NA,NA,NA,NA,NA,NA,NA,NA,NA,NA,NA,NA,NA,NA,NA,NA,NA,NA,NA,NA,NA,NA,NA,-0.0198617204858171,-0.0198617204858169,-0.0198617204858171,-0.0198617204858171,-0.0198617204858171,-0.0198617204858174,NA,NA,NA,NA,NA,NA,NA,NA,NA,NA,NA,NA
392_1,NA,NA,NA,NA,NA,NA,NA,NA,NA,NA,NA,NA,NA,NA,NA,NA,NA,NA,NA,NA,NA,NA,NA,NA,NA,NA,NA,NA,NA,NA,NA,NA,NA,NA,NA,NA,NA,NA,NA,NA,NA,NA,NA,NA,NA,NA,NA,NA,NA
392_2,NA,NA,NA,NA,NA,NA,NA,NA,NA,NA,NA,NA,NA,NA,NA,NA,NA,NA,NA,NA,NA,NA,NA,NA,NA,NA,NA,NA,NA,NA,NA,NA,NA,NA,NA,NA,NA,NA,NA,NA,NA,NA,NA,NA,NA,NA,NA,NA,NA
324_1,NA,NA,NA,NA,NA,NA,NA,NA,NA,NA,NA,NA,NA,NA,NA,NA,NA,NA,NA,NA,NA,NA,NA,NA,NA,NA,NA,NA,NA,NA,NA,NA,NA,NA,NA,NA,NA,NA,NA,NA,NA,NA,NA,NA,NA,NA,NA,NA,NA
326_1,NA,NA,NA,NA,NA,NA,NA,NA,NA,NA,NA,NA,NA,NA,NA,NA,NA,NA,NA,NA,NA,NA,NA,NA,NA,NA,NA,NA,NA,NA,NA,NA,NA,NA,NA,NA,NA,NA,NA,NA,NA,NA,NA,NA,NA,NA,NA,NA,NA
323_1,NA,NA,NA,NA,NA,NA,NA,NA,NA,NA,NA,NA,NA,NA,NA,NA,NA,NA,NA,NA,NA,NA,NA,NA,NA,NA,NA,NA,NA,NA,NA,NA,NA,NA,NA,NA,NA,NA,NA,NA,NA,NA,NA,NA,NA,NA,NA,NA,NA
323_2,NA,NA,NA,NA,NA,NA,NA,NA,NA,NA,NA,NA,NA,NA,NA,NA,NA,NA,NA,NA,NA,NA,NA,NA,NA,NA,NA,NA,NA,NA,NA,NA,NA,NA,NA,NA,NA,NA,NA,NA,NA,NA,NA,NA,NA,NA,NA,NA,NA
