population_id,1970,1971,1972,1973,1974,1975,1976,1977,1978,1979,1980,1981,1982,1983,1984,1985,1986,1987,1988,1989,1990,1991,1992,1993,1994,1995,1996,1997,1998,1999,2000,2001,2002,2003,2004,2005,2006,2007,2008,2009,2010,2011,2012,2013,2014,2015,2016,2017,2018,2019,2020,2021,2022
354,1,NA,NA,NA,NA,NA,NA,NA,NA,NA,NA,NA,NA,NA,NA,NA,NA,NA,NA,NA,NA,NA,NA,0.0166671645632923,0.0149170421491149,0.0127498349641257,0.0120593262554083,0.0135576070023249,0.0164010487629107,0.0191193469083575,0.0205522096083381,0.0202593746861206,0.0184455803462007,0.0154621007316043,0.011402047313831,0.00653956033050163,0.00213896558883064,4.80813046963569e-05,0.000928209483053166,0.00332971018011552,0.00510869620507215,0.00543728080601058,0.00488392912538593,0.00403831622831685,0.00305169270766914,0.00232633733921084,0.00243099673882519,0.00301662373875677,0.00285241552435833,0.00149739621045031,7.99610633985814e-05,-0.00026377743109407,7.63587431951152e-05
4089,1,NA,NA,NA,NA,NA,NA,NA,NA,NA,NA,NA,NA,NA,NA,NA,NA,NA,NA,NA,NA,NA,NA,NA,NA,NA,NA,NA,NA,NA,NA,NA,NA,NA,NA,NA,NA,NA,NA,NA,NA,NA,NA,1.54876111935209e-13,1.54654067330284e-13,NA,NA,NA,NA,NA,NA,NA,NA
1189,1,NA,NA,NA,NA,NA,NA,NA,NA,NA,NA,NA,NA,NA,NA,NA,NA,NA,NA,NA,NA,NA,NA,NA,NA,NA,NA,NA,NA,NA,NA,NA,NA,NA,NA,NA,NA,NA,NA,NA,NA,NA,NA,0.0228787452804617,0.0228787452804616,NA,NA,NA,NA,NA,NA,NA,NA
1190,1,NA,NA,NA,NA,NA,NA,NA,NA,NA,NA,NA,NA,NA,NA,NA,NA,NA,NA,NA,NA,NA,NA,NA,NA,NA,NA,NA,NA,NA,NA,NA,NA,NA,NA,NA,NA,NA,NA,NA,NA,NA,NA,-0.238560627359911,-0.238560627359911,NA,NA,NA,NA,NA,NA,NA,NA
1191,1,NA,NA,NA,NA,NA,NA,NA,NA,NA,NA,NA,NA,NA,NA,NA,NA,NA,NA,NA,NA,NA,NA,NA,NA,NA,NA,NA,NA,NA,NA,NA,NA,NA,NA,NA,NA,NA,NA,NA,NA,NA,NA,NA,-0.0758124690268822,-0.0758124690268822,-0.0758124690268822,-0.075812469026882,NA,NA,NA,NA,NA
1192,NA,NA,NA,NA,NA,NA,NA,NA,NA,NA,NA,NA,NA,NA,NA,NA,NA,NA,NA,NA,NA,NA,NA,NA,NA,NA,NA,NA,NA,NA,NA,NA,NA,NA,NA,NA,NA,NA,NA,NA,NA,NA,NA,NA,NA,NA,NA,NA,NA,NA,NA,NA,NA
766,NA,NA,NA,NA,NA,NA,NA,NA,NA,NA,NA,NA,NA,NA,NA,NA,NA,NA,NA,NA,NA,NA,NA,NA,NA,NA,NA,NA,NA,NA,NA,NA,NA,NA,NA,NA,NA,NA,NA,NA,NA,NA,NA,NA,NA,NA,NA,NA,NA,NA,NA,NA,NA
355,1,NA,NA,NA,NA,NA,NA,NA,NA,NA,NA,NA,NA,NA,NA,NA,NA,NA,NA,NA,NA,NA,0.240008938845913,0.240008938845913,0.240008938845913,NA,NA,NA,NA,NA,NA,NA,NA,NA,NA,NA,NA,NA,NA,NA,NA,NA,NA,NA,NA,NA,NA,NA,NA,NA,NA,NA,NA
351,NA,NA,NA,NA,NA,NA,NA,NA,NA,NA,NA,NA,NA,NA,NA,NA,NA,NA,NA,NA,NA,NA,NA,NA,NA,NA,NA,NA,NA,NA,NA,NA,NA,NA,NA,NA,NA,NA,NA,NA,NA,NA,NA,NA,NA,NA,NA,NA,NA,NA,NA,NA,NA
479,1,NA,NA,NA,NA,NA,0.00232133398238776,-0.0045475401706041,-0.0079328434243986,-0.00137784822074982,0.00730539504505279,0.0081522505099072,0.00527293879406288,0.00914892586294913,0.0136043293844834,-0.00380272343030441,-0.0482438852104601,-0.0861720763194298,-0.0766561805486918,-0.0237316927125859,0.0217824365224808,0.0207429481541697,-0.0102598691481854,-0.026923312561723,-0.0154439389128609,-0.000677736666382156,-0.00159319511596911,-0.00588109562261474,0.00278812248884019,0.0153921941023927,0.0135236670350511,0.000516672107474525,-0.00476205564111276,0.00131488302701332,0.00455397581555883,0.000498676582218804,0.00202928665734836,0.0131599263013413,0.0164536313756767,0.000172702989146511,-0.0192022832940841,NA,NA,NA,NA,NA,NA,NA,NA,NA,NA,NA,NA
4090,1,NA,NA,NA,NA,NA,NA,NA,NA,NA,NA,0.0445281053200359,0.0293990721337936,0.00794428684168613,-0.0050804109928182,-0.00830860725715121,-0.0195825506463916,-0.0494593337381071,-0.0748687862415456,-0.0606399434877558,-0.0113057483775896,0.0227259449758708,0.00642385651347932,-0.0322780994023972,-0.0403720855676337,-0.0121681192296716,0.00810245053081271,-0.00555653573967207,-0.0254315991547223,-0.0164228499662642,0.0117937659100424,0.0240906842421147,0.0127313639433357,0.000886218494945412,0.0011025745543749,0.00112529127393279,-0.00636477525651857,-0.008061931866441,0.00495299182971154,0.0187478297685955,0.0184153022464943,0.0117544022239773,0.0139072254531907,0.0215739500291414,NA,NA,NA,NA,NA,NA,NA,NA,NA
725,1,NA,NA,NA,NA,NA,NA,NA,NA,NA,NA,NA,NA,NA,-0.110169899867121,-0.110169899867121,-0.110169899867121,-0.110169899867121,-0.110169899867121,-0.110169899867121,NA,NA,NA,NA,NA,NA,NA,NA,NA,NA,NA,NA,NA,NA,NA,NA,NA,NA,NA,NA,NA,NA,NA,NA,NA,NA,NA,NA,NA,NA,NA,NA,NA
172,1,NA,NA,NA,NA,NA,NA,NA,NA,NA,NA,NA,NA,NA,NA,-0.0432408190575018,-0.0432408190575022,-0.0432408190575018,-0.0432408190575018,-0.0432408190575022,-0.0432408190575018,-0.0432408190575022,-0.0432408190575018,-0.0432408190575018,-0.0432408190575022,-0.0432408190575022,-0.0432408190575018,-0.0432408190575022,-0.0432408190575018,-0.0432408190575018,-0.0432408190575022,-0.0432408190575018,-0.0432408190575018,NA,NA,NA,NA,NA,NA,NA,NA,NA,NA,NA,NA,NA,NA,NA,NA,NA,NA,NA,NA
775,1,NA,NA,NA,NA,NA,NA,NA,NA,NA,NA,NA,NA,NA,NA,NA,NA,NA,-0.131620717387343,-0.131620717387343,NA,NA,NA,NA,NA,NA,NA,NA,NA,NA,NA,NA,NA,NA,NA,NA,NA,NA,NA,NA,NA,NA,NA,NA,NA,NA,NA,NA,NA,NA,NA,NA,NA
173,1,NA,NA,NA,NA,NA,NA,NA,NA,NA,NA,NA,NA,NA,NA,NA,NA,NA,NA,NA,NA,NA,NA,NA,NA,NA,NA,NA,NA,NA,NA,NA,NA,NA,NA,NA,NA,NA,NA,NA,NA,NA,NA,NA,-0.0986047170598399,-0.0986047170598399,-0.0986047170598396,-0.0986047170598396,NA,NA,NA,NA,NA
765,NA,NA,NA,NA,NA,NA,NA,NA,NA,NA,NA,NA,NA,NA,NA,NA,NA,NA,NA,NA,NA,NA,NA,NA,NA,NA,NA,NA,NA,NA,NA,NA,NA,NA,NA,NA,NA,NA,NA,NA,NA,NA,NA,NA,NA,NA,NA,NA,NA,NA,NA,NA,NA
480,1,NA,NA,NA,NA,NA,NA,NA,NA,NA,NA,NA,NA,NA,NA,NA,NA,NA,0.0547545709871656,0.0541703874439771,0.0535352885653518,0.0533780859284585,0.0534228224189036,0.0526911800858609,0.0503913675456782,0.0465510176627144,0.0418160646771288,0.036833571808331,0.0319203652628612,0.0271606679263074,0.0225636629595294,0.0181832205001018,0.0142529424643887,0.0108916452451866,0.00809467546780884,0.00590568043391704,0.00441686632392768,0.0036119319902046,0.00334767920324208,0.00353218065971683,0.00419990007125759,0.00532133295159443,0.00662624306875292,0.00775020002324944,0.00854146644261355,0.0091065922031095,0.00954885759168511,0.00980837510142618,NA,NA,NA,NA,NA
175,NA,NA,NA,NA,NA,NA,NA,NA,NA,NA,NA,NA,NA,NA,NA,NA,NA,NA,NA,NA,NA,NA,NA,NA,NA,NA,NA,NA,NA,NA,NA,NA,NA,NA,NA,NA,NA,NA,NA,NA,NA,NA,NA,NA,NA,NA,NA,NA,NA,NA,NA,NA,NA
481,1,NA,NA,NA,NA,NA,NA,NA,NA,NA,NA,NA,NA,NA,NA,NA,0.292070927136328,0.225024673426588,0.0734590049020822,-0.125479619438065,-0.275228220696183,-0.279802450169372,-0.121558650316278,0.10734304696447,0.26390537215398,NA,NA,NA,NA,NA,NA,NA,NA,NA,NA,NA,NA,NA,NA,NA,NA,NA,NA,NA,NA,NA,NA,NA,NA,NA,NA,NA,NA
101,NA,NA,NA,NA,NA,NA,NA,NA,NA,NA,NA,NA,NA,NA,NA,NA,NA,NA,NA,NA,NA,NA,NA,NA,NA,NA,NA,NA,NA,NA,NA,NA,NA,NA,NA,NA,NA,NA,NA,NA,NA,NA,NA,NA,NA,NA,NA,NA,NA,NA,NA,NA,NA
534,NA,NA,NA,NA,NA,NA,NA,NA,NA,NA,NA,NA,NA,NA,NA,NA,NA,NA,NA,NA,NA,NA,NA,NA,NA,NA,NA,NA,NA,NA,NA,NA,NA,NA,NA,NA,NA,NA,NA,NA,NA,NA,NA,NA,NA,NA,NA,NA,NA,NA,NA,NA,NA
831,1,NA,NA,NA,NA,NA,-0.142319789737972,-0.142319789737972,NA,NA,NA,NA,NA,NA,NA,NA,NA,NA,NA,NA,NA,NA,NA,NA,NA,NA,NA,NA,NA,NA,NA,NA,NA,NA,NA,NA,NA,NA,NA,NA,NA,NA,NA,NA,NA,NA,NA,NA,NA,NA,NA,NA,NA
192,NA,NA,NA,NA,NA,NA,NA,NA,NA,NA,NA,NA,NA,NA,NA,NA,NA,NA,NA,NA,NA,NA,NA,NA,NA,NA,NA,NA,NA,NA,NA,NA,NA,NA,NA,NA,NA,NA,NA,NA,NA,NA,NA,NA,NA,NA,NA,NA,NA,NA,NA,NA,NA
32,1,NA,NA,NA,NA,NA,NA,NA,NA,0.00951363870265465,0.00951363870265443,0.00951363870265443,0.00951363870265443,0.00951363870265465,0.00951363870265443,0.00951363870265465,0.00951363870265443,0.00951363870265465,0.00951363870265443,0.00951363870265443,0.00951363870265465,0.00951363870265443,0.00951363870265443,0.00951363870265465,NA,NA,NA,NA,NA,NA,NA,NA,NA,NA,NA,NA,NA,NA,NA,NA,NA,NA,NA,NA,NA,NA,NA,NA,NA,NA,NA,NA,NA
244,1,NA,NA,NA,NA,NA,NA,NA,NA,NA,NA,NA,NA,NA,NA,NA,NA,NA,NA,0.0433147081700624,0.0433147081700622,0.0433147081700624,0.0433147081700624,0.043314708170062,NA,NA,NA,NA,NA,NA,NA,NA,NA,NA,NA,NA,NA,NA,NA,NA,NA,NA,NA,NA,NA,NA,NA,NA,NA,NA,NA,NA,NA
292,1,NA,NA,NA,NA,NA,NA,NA,NA,NA,NA,NA,NA,NA,NA,NA,NA,NA,NA,NA,NA,NA,NA,NA,NA,NA,-0.0542571529527016,-0.0472426873797676,-0.0321583575796118,-0.0111766572147403,0.0102680680828844,0.0255270597978241,0.0294075803770737,0.0207404363121051,0.00362903197650932,-0.0138866154032173,-0.0241213881456175,NA,NA,NA,NA,NA,NA,NA,NA,NA,NA,NA,NA,NA,NA,NA,NA
293,1,NA,NA,NA,NA,NA,NA,NA,NA,NA,NA,NA,NA,NA,NA,NA,NA,NA,NA,NA,NA,NA,NA,NA,NA,NA,0.00889148494120562,0.00889148494120606,0.0088914849412054,0.00889148494120562,0.00889148494120562,0.00889148494120584,0.00889148494120562,0.00889148494120562,0.00889148494120562,NA,NA,NA,NA,NA,NA,NA,NA,NA,NA,NA,NA,NA,NA,NA,NA,NA,NA
294,1,NA,NA,NA,NA,NA,NA,NA,NA,NA,NA,NA,NA,NA,NA,NA,NA,NA,NA,NA,NA,NA,NA,NA,NA,NA,0.00472701953847476,0.00472701953876831,0.00472701953867771,0.00472701953762944,0.00472701953586019,0.00472701953411647,0.00472701953280952,0.00472701953179011,0.00472701953090282,0.00472701953034482,NA,NA,NA,NA,NA,NA,NA,NA,NA,NA,NA,NA,NA,NA,NA,NA,NA
361,NA,NA,NA,NA,NA,NA,NA,NA,NA,NA,NA,NA,NA,NA,NA,NA,NA,NA,NA,NA,NA,NA,NA,NA,NA,NA,NA,NA,NA,NA,NA,NA,NA,NA,NA,NA,NA,NA,NA,NA,NA,NA,NA,NA,NA,NA,NA,NA,NA,NA,NA,NA,NA
63,1,NA,NA,NA,NA,NA,NA,NA,NA,NA,NA,NA,NA,0.10509727534981,0.0714776868953095,0.0258778493844274,-0.0071538899840351,-0.0277216784457088,-0.0496781389755536,-0.0699286392274141,-0.0667728960541614,-0.0316234284573869,0.0115712428306542,0.0293742638180885,0.0156025898834631,-0.00604924502416826,-0.0142583031548458,-0.0119418564191822,NA,NA,NA,NA,NA,NA,NA,NA,NA,NA,NA,NA,NA,NA,NA,NA,NA,NA,NA,NA,NA,NA,NA,NA,NA
64,1,NA,NA,NA,NA,NA,NA,NA,NA,NA,NA,NA,NA,NA,-0.00858130024740289,-0.00858130024752324,-0.0085813002477555,-0.0085813002480335,-0.00858130024826598,-0.00858130024836901,-0.00858130024829351,-0.00858130024803572,-0.00858130024763315,-0.00858130024716286,-0.00858130024672299,-0.0085813002464048,-0.00858130024625203,NA,NA,NA,NA,NA,NA,NA,NA,NA,NA,NA,NA,NA,NA,NA,NA,NA,NA,NA,NA,NA,NA,NA,NA,NA,NA
210,1,NA,NA,NA,NA,NA,NA,NA,NA,NA,NA,NA,NA,NA,NA,NA,NA,NA,NA,NA,NA,NA,NA,NA,NA,NA,NA,NA,NA,NA,0.10450791626612,0.0941358201082863,0.073002012852935,0.045338803771485,0.0188341946414683,0.0014607803943476,-0.00187510637020916,0.00767252226235815,0.0224111046448532,0.0324478082496715,NA,NA,NA,NA,NA,NA,NA,NA,NA,NA,NA,NA,NA
279,NA,NA,NA,NA,NA,NA,NA,NA,NA,NA,NA,NA,NA,NA,NA,NA,NA,NA,NA,NA,NA,NA,NA,NA,NA,NA,NA,NA,NA,NA,NA,NA,NA,NA,NA,NA,NA,NA,NA,NA,NA,NA,NA,NA,NA,NA,NA,NA,NA,NA,NA,NA,NA
246,1,NA,NA,NA,NA,NA,NA,NA,NA,NA,NA,NA,NA,NA,NA,NA,NA,NA,NA,NA,NA,NA,NA,NA,NA,NA,NA,NA,-0.00960512927648949,-0.00960512927648949,NA,NA,NA,NA,NA,NA,NA,NA,NA,NA,NA,NA,NA,NA,NA,NA,NA,NA,NA,NA,NA,NA,NA
335,NA,NA,NA,NA,NA,NA,NA,NA,NA,NA,NA,NA,NA,NA,NA,NA,NA,NA,NA,NA,NA,NA,NA,NA,NA,NA,NA,NA,NA,NA,NA,NA,NA,NA,NA,NA,NA,NA,NA,NA,NA,NA,NA,NA,NA,NA,NA,NA,NA,NA,NA,NA,NA
30,1,NA,NA,NA,NA,NA,NA,NA,NA,NA,NA,NA,NA,NA,NA,NA,0.0859716750895863,0.0859716750895867,0.0859716750895867,0.0859716750895867,0.0859716750895867,0.0859716750895867,NA,NA,NA,NA,NA,NA,NA,NA,NA,NA,NA,NA,NA,NA,NA,NA,NA,NA,NA,NA,NA,NA,NA,NA,NA,NA,NA,NA,NA,NA,NA
31,1,NA,NA,NA,NA,NA,NA,NA,NA,NA,NA,NA,NA,NA,NA,NA,-0.00401890484393652,-0.00401890484393608,-0.00401890484393652,-0.00401890484393652,-0.00401890484393608,-0.00401890484393608,NA,NA,NA,NA,NA,NA,NA,NA,NA,NA,NA,NA,NA,NA,NA,NA,NA,NA,NA,NA,NA,NA,NA,NA,NA,NA,NA,NA,NA,NA,NA
29,1,NA,NA,NA,NA,NA,NA,NA,NA,NA,NA,NA,NA,NA,NA,NA,NA,-0.0387879299999527,-0.0387879299999525,-0.0387879299999525,-0.0387879299999527,-0.0387879299999525,NA,NA,NA,NA,NA,NA,NA,NA,NA,NA,NA,NA,NA,NA,NA,NA,NA,NA,NA,NA,NA,NA,NA,NA,NA,NA,NA,NA,NA,NA,NA
34,1,NA,NA,NA,NA,NA,NA,NA,NA,NA,NA,NA,NA,NA,NA,NA,-0.0201725623309759,-0.0201725623309756,-0.0201725623309758,-0.0201725623309758,-0.0201725623309756,NA,NA,NA,NA,NA,NA,NA,NA,NA,NA,NA,NA,NA,NA,NA,NA,NA,NA,NA,NA,NA,NA,NA,NA,NA,NA,NA,NA,NA,NA,NA,NA
35,1,NA,NA,NA,NA,NA,NA,NA,NA,NA,NA,NA,NA,NA,NA,NA,-0.0240355406040424,-0.0240355406040429,-0.0240355406040427,-0.0240355406040427,-0.0240355406040427,NA,NA,NA,NA,NA,NA,NA,NA,NA,NA,NA,NA,NA,NA,NA,NA,NA,NA,NA,NA,NA,NA,NA,NA,NA,NA,NA,NA,NA,NA,NA,NA
33,1,NA,NA,NA,NA,NA,NA,NA,NA,NA,NA,NA,NA,NA,NA,NA,NA,NA,NA,NA,NA,NA,-0.0689112223062569,-0.0689112223062573,-0.0689112223062573,NA,NA,NA,NA,NA,NA,NA,NA,NA,NA,NA,NA,NA,NA,NA,NA,NA,NA,NA,NA,NA,NA,NA,NA,NA,NA,NA,NA
78,1,NA,NA,NA,NA,NA,NA,NA,NA,NA,NA,NA,NA,NA,NA,NA,NA,NA,NA,NA,NA,NA,NA,0.198970004336096,0.198970004336096,NA,NA,NA,NA,NA,NA,NA,NA,NA,NA,NA,NA,NA,NA,NA,NA,NA,NA,NA,NA,NA,NA,NA,NA,NA,NA,NA,NA
79,1,NA,NA,NA,NA,NA,NA,NA,NA,NA,NA,NA,NA,NA,NA,NA,NA,NA,NA,NA,NA,NA,NA,-1.3988810110277e-14,-1.35447209004269e-14,NA,NA,NA,NA,NA,NA,NA,NA,NA,NA,NA,NA,NA,NA,NA,NA,NA,NA,NA,NA,NA,NA,NA,NA,NA,NA,NA,NA
80,1,NA,NA,NA,NA,NA,NA,NA,NA,NA,NA,NA,NA,NA,NA,NA,NA,NA,NA,NA,NA,NA,NA,-0.294912767455576,-0.294912767455576,NA,NA,NA,NA,NA,NA,NA,NA,NA,NA,NA,NA,NA,NA,NA,NA,NA,NA,NA,NA,NA,NA,NA,NA,NA,NA,NA,NA
286,1,NA,NA,NA,NA,NA,NA,NA,NA,NA,NA,NA,NA,NA,NA,NA,NA,NA,NA,NA,NA,NA,NA,NA,NA,NA,-0.0199516839449148,-0.0216061764720066,-0.0235690484309443,-0.0235357092839925,-0.0197355514495496,-0.0121325919074831,-0.00256497700506642,0.00623832591174778,0.0121821073398525,0.0148757560326405,0.0155056186494849,NA,NA,NA,NA,NA,NA,NA,NA,NA,NA,NA,NA,NA,NA,NA,NA
287,1,NA,NA,NA,NA,NA,NA,NA,NA,NA,NA,NA,NA,NA,NA,NA,NA,NA,NA,NA,NA,NA,NA,NA,NA,NA,0.0133313399470387,0.0133313399470385,0.0133313399470389,0.0133313399470385,0.0133313399470387,0.0133313399470385,0.0133313399470387,0.0133313399470385,0.0133313399470387,NA,NA,NA,NA,NA,NA,NA,NA,NA,NA,NA,NA,NA,NA,NA,NA,NA,NA
288,1,NA,NA,NA,NA,NA,NA,NA,NA,NA,NA,NA,NA,NA,NA,NA,NA,NA,NA,NA,NA,NA,NA,NA,NA,NA,0.0875138239267987,0.0079242825917496,-0.0658578502687501,-0.0565325980029443,0.00675652981001629,0.0376522267405057,0.0125406630810552,-0.0099845798388376,0.014230589196166,0.052330210149959,NA,NA,NA,NA,NA,NA,NA,NA,NA,NA,NA,NA,NA,NA,NA,NA,NA
3045,1,NA,NA,NA,NA,NA,NA,NA,NA,NA,NA,NA,NA,NA,NA,NA,NA,NA,NA,NA,NA,NA,NA,NA,NA,NA,NA,NA,NA,NA,0.0106907419197958,0.0106907419197958,0.0106907419197957,0.0106907419197957,0.0106907419197958,0.0106907419197958,0.0106907419197958,0.0106907419197957,0.0106907419197958,0.0106907419197958,0.0106907419197957,0.0106907419197958,0.0106907419197958,0.0106907419197957,0.0106907419197959,0.0106907419197957,0.0106907419197957,0.0106907419197958,NA,NA,NA,NA,NA
3046,1,NA,NA,NA,NA,NA,NA,NA,NA,NA,NA,NA,NA,NA,NA,NA,NA,NA,NA,NA,NA,NA,NA,NA,NA,NA,NA,NA,NA,NA,0.0523781383993968,0.0523781383993969,0.0523781383993969,0.0523781383993966,0.0523781383993969,0.0523781383993966,NA,NA,NA,NA,NA,NA,NA,NA,NA,NA,NA,NA,NA,NA,NA,NA,NA
3048,1,NA,NA,NA,NA,NA,NA,NA,NA,NA,NA,NA,NA,NA,NA,NA,NA,NA,NA,NA,NA,NA,NA,NA,NA,NA,NA,NA,NA,NA,0.0267952372343188,0.0267952372343186,0.0267952372343185,0.0267952372343186,0.0267952372343186,0.0267952372343185,0.0267952372343186,0.0267952372343186,0.0267952372343186,0.0267952372343185,0.0267952372343186,0.0267952372343188,0.0267952372343186,0.0267952372343186,0.0267952372343184,0.0267952372343188,0.0267952372343184,0.0267952372343189,NA,NA,NA,NA,NA
3051,1,NA,NA,NA,NA,NA,NA,NA,NA,NA,NA,NA,NA,NA,NA,NA,NA,NA,NA,NA,NA,NA,NA,NA,NA,NA,NA,NA,NA,NA,0.0365269937687766,0.0365269937687666,0.0365269937687398,0.0365269937686939,0.0365269937686271,0.0365269937685434,0.0365269937684524,0.0365269937683606,0.0365269937682872,0.0365269937682495,0.0365269937682513,0.0365269937682918,0.0365269937683719,0.0365269937684851,0.0365269937686056,0.0365269937687063,0.0365269937687712,0.0365269937688,NA,NA,NA,NA,NA
3055,1,NA,NA,NA,NA,NA,NA,NA,NA,NA,NA,NA,NA,NA,NA,NA,NA,NA,NA,NA,NA,NA,NA,NA,NA,NA,NA,NA,NA,NA,NA,0.0261537245922943,0.0261537245922944,0.0261537245922944,0.0261537245922944,0.0261537245922943,0.0261537245922945,0.0261537245922944,0.0261537245922943,0.0261537245922944,0.0261537245922944,0.0261537245922944,0.0261537245922945,0.0261537245922943,0.0261537245922944,0.0261537245922944,0.0261537245922943,0.0261537245922944,NA,NA,NA,NA,NA
3047,1,NA,NA,NA,NA,NA,NA,NA,NA,NA,NA,NA,NA,NA,NA,NA,NA,NA,NA,NA,NA,NA,NA,NA,NA,NA,NA,NA,NA,NA,NA,NA,0.0202305715176858,0.0202305715221737,0.0202305715317536,0.0202305715493911,0.0202305715778769,0.0202305716179547,0.020230571670264,0.0202305717344039,0.0202305718102246,0.0202305718963978,0.0202305719861592,0.0202305720710338,0.0202305721432507,0.0202305721971251,0.0202305722302346,0.0202305722443866,NA,NA,NA,NA,NA
3049,1,NA,NA,NA,NA,NA,NA,NA,NA,NA,NA,NA,NA,NA,NA,NA,NA,NA,NA,NA,NA,NA,NA,NA,NA,NA,NA,NA,NA,NA,NA,NA,0.0121567118106649,0.0121567118106649,0.0121567118106649,0.0121567118106649,0.0121567118106648,0.012156711810665,0.0121567118106649,0.012156711810665,0.0121567118106648,0.0121567118106649,0.012156711810665,0.0121567118106648,0.012156711810665,0.0121567118106649,0.0121567118106649,0.0121567118106649,NA,NA,NA,NA,NA
3052,1,NA,NA,NA,NA,NA,NA,NA,NA,NA,NA,NA,NA,NA,NA,NA,NA,NA,NA,NA,NA,NA,NA,NA,NA,NA,NA,NA,NA,NA,NA,NA,0.137635093048132,0.135506159389925,0.129306197683535,0.118185388977599,0.10073702989427,0.0773422432821513,0.0511043050425888,0.0260818158513159,0.00315354936427936,-0.0176804944185205,-0.0364203154970837,-0.05301049054972,-0.0671698606148273,-0.0784642514822412,-0.0861564883869502,-0.0897859335386023,NA,NA,NA,NA,NA
3053,1,NA,NA,NA,NA,NA,NA,NA,NA,NA,NA,NA,NA,NA,NA,NA,NA,NA,NA,NA,NA,NA,NA,NA,NA,NA,NA,NA,NA,NA,NA,NA,0.0135808017490775,0.0135808017490775,0.0135808017490775,0.0135808017490775,0.0135808017490774,0.0135808017490775,0.0135808017490775,0.0135808017490774,0.0135808017490775,0.0135808017490775,0.0135808017490774,0.0135808017490775,0.0135808017490775,0.0135808017490776,0.0135808017490774,0.0135808017490774,NA,NA,NA,NA,NA
3826,1,NA,NA,NA,NA,NA,NA,NA,NA,NA,NA,NA,NA,NA,NA,NA,NA,NA,NA,NA,NA,NA,NA,NA,NA,NA,NA,NA,NA,NA,NA,NA,NA,-0.507940588490764,-0.398945339346834,-0.158235117921762,0.146628525961788,0.348377523539893,0.304852389857196,0.0483674267902896,-0.20919852545381,-0.253285866553188,-0.0606872360266989,0.186328673923257,0.276016422134766,0.148402414589289,-0.0885073340364874,-0.287367114513626,-0.380342391502009,NA,NA,NA,NA
3054,1,NA,NA,NA,NA,NA,NA,NA,NA,NA,NA,NA,NA,NA,NA,NA,NA,NA,NA,NA,NA,NA,NA,NA,NA,NA,NA,NA,NA,NA,NA,NA,NA,NA,-0.0066695470464917,-0.00666954704649159,-0.0066695470464917,-0.00666954704649159,-0.0066695470464917,-0.00666954704649159,-0.0066695470464917,-0.0066695470464917,-0.00666954704649159,-0.0066695470464917,-0.00666954704649159,-0.00666954704649159,-0.0066695470464917,-0.0066695470464917,NA,NA,NA,NA,NA
692,1,NA,NA,NA,NA,NA,NA,NA,NA,NA,NA,NA,NA,NA,NA,NA,NA,NA,NA,NA,NA,NA,NA,NA,NA,NA,NA,NA,NA,NA,NA,NA,NA,NA,NA,NA,NA,NA,NA,NA,0.0937155924063324,0.0937155924063325,NA,NA,NA,NA,NA,NA,NA,NA,NA,NA,NA
37,1,NA,NA,NA,NA,NA,NA,NA,NA,NA,NA,NA,NA,NA,NA,NA,0.00478112412073073,0.00478112412073073,0.00478112412073095,0.00478112412073095,0.00478112412073073,0.00478112412073073,0.00478112412073095,0.00478112412073073,NA,NA,NA,NA,NA,NA,NA,NA,NA,NA,NA,NA,NA,NA,NA,NA,NA,NA,NA,NA,NA,NA,NA,NA,NA,NA,NA,NA,NA
247,1,NA,NA,NA,NA,NA,NA,NA,NA,NA,NA,NA,NA,NA,NA,NA,-0.0497279050707304,-0.04972790507073,-0.0497279050707304,-0.0497279050707302,-0.0497279050707302,-0.0497279050707304,-0.04972790507073,-0.0497279050707304,NA,NA,NA,NA,NA,NA,NA,NA,NA,NA,NA,NA,NA,NA,NA,NA,NA,NA,NA,NA,NA,NA,NA,NA,NA,NA,NA,NA,NA
248,1,NA,NA,NA,NA,NA,NA,NA,NA,NA,NA,NA,NA,NA,NA,NA,0.00144062187039795,0.00144062187039795,0.00144062187039773,0.00144062187039795,0.00144062187039795,0.00144062187039795,0.00144062187039773,0.00144062187039795,NA,NA,NA,NA,NA,NA,NA,NA,NA,NA,NA,NA,NA,NA,NA,NA,NA,NA,NA,NA,NA,NA,NA,NA,NA,NA,NA,NA,NA
198,1,NA,NA,NA,NA,NA,NA,NA,NA,NA,NA,NA,NA,NA,NA,NA,NA,NA,NA,NA,NA,NA,NA,NA,NA,NA,-0.0354420305841463,-0.0359462731106976,-0.0357287951947309,-0.0332731354095366,-0.0280822753040677,-0.020974061036199,-0.0132946377658767,-0.00608852771010548,-7.93364167805954e-06,0.004343168498949,0.00648706719417458,NA,NA,NA,NA,NA,NA,NA,NA,NA,NA,NA,NA,NA,NA,NA,NA
283,1,NA,NA,NA,NA,NA,NA,NA,NA,NA,NA,NA,NA,NA,NA,NA,NA,NA,NA,NA,NA,NA,NA,NA,NA,NA,0.0621562510144249,0.0621562510144247,0.0621562510144249,0.0621562510144247,0.0621562510144249,0.0621562510144249,0.0621562510144247,0.0621562510144249,0.0621562510144249,NA,NA,NA,NA,NA,NA,NA,NA,NA,NA,NA,NA,NA,NA,NA,NA,NA,NA
284,1,NA,NA,NA,NA,NA,NA,NA,NA,NA,NA,NA,NA,NA,NA,NA,NA,NA,NA,NA,NA,NA,NA,NA,NA,NA,0.0263410672579552,0.0233316529044203,0.0176545492066114,0.0106192790506561,0.00365041563468482,-0.00242298525203855,-0.00738505699680747,-0.0112559561840275,-0.0139511075007666,-0.0152970180599246,NA,NA,NA,NA,NA,NA,NA,NA,NA,NA,NA,NA,NA,NA,NA,NA,NA
285,1,NA,NA,NA,NA,NA,NA,NA,NA,NA,NA,NA,NA,NA,NA,NA,NA,NA,NA,NA,NA,NA,NA,NA,NA,NA,NA,NA,NA,NA,NA,NA,NA,-0.10517928308414,-0.0662424782509434,0.0180840464978009,0.123803538171607,0.195945625448586,0.188114513660814,0.107521124144273,0.0170856740811147,-0.0169157705168581,0.0145988739062624,0.0538370564260935,0.0270480817550098,-0.0927087254613985,-0.266079674179918,-0.420538860288275,-0.502488148550484,NA,NA,NA,NA
3827,1,NA,NA,NA,NA,NA,NA,NA,NA,NA,NA,NA,NA,NA,NA,NA,NA,NA,NA,NA,NA,NA,NA,NA,NA,NA,NA,NA,NA,NA,NA,NA,NA,NA,NA,NA,0,0,0,0,0,0,0,0,NA,NA,NA,NA,NA,NA,NA,NA,NA
3041,1,NA,NA,NA,NA,NA,NA,NA,NA,NA,NA,NA,NA,NA,NA,NA,NA,NA,NA,NA,NA,NA,NA,NA,NA,NA,NA,NA,NA,NA,NA,NA,NA,NA,NA,NA,-0.0448649848355295,-0.0448649848355294,-0.0448649848355294,-0.0448649848355294,-0.0448649848355294,-0.0448649848355294,-0.0448649848355294,-0.0448649848355294,-0.0448649848355293,-0.0448649848355294,-0.0448649848355294,-0.0448649848355294,NA,NA,NA,NA,NA
3039,1,NA,NA,NA,NA,NA,NA,NA,NA,NA,NA,NA,NA,NA,NA,NA,NA,NA,NA,NA,NA,NA,NA,NA,NA,NA,NA,NA,NA,NA,NA,NA,NA,NA,NA,NA,-0.0762412012707552,-0.0762412012707553,-0.0762412012707552,-0.0762412012707551,-0.0762412012707553,-0.0762412012707552,-0.0762412012707552,-0.0762412012707552,NA,NA,NA,NA,NA,NA,NA,NA,NA
3040,NA,NA,NA,NA,NA,NA,NA,NA,NA,NA,NA,NA,NA,NA,NA,NA,NA,NA,NA,NA,NA,NA,NA,NA,NA,NA,NA,NA,NA,NA,NA,NA,NA,NA,NA,NA,NA,NA,NA,NA,NA,NA,NA,NA,NA,NA,NA,NA,NA,NA,NA,NA,NA
3042,NA,NA,NA,NA,NA,NA,NA,NA,NA,NA,NA,NA,NA,NA,NA,NA,NA,NA,NA,NA,NA,NA,NA,NA,NA,NA,NA,NA,NA,NA,NA,NA,NA,NA,NA,NA,NA,NA,NA,NA,NA,NA,NA,NA,NA,NA,NA,NA,NA,NA,NA,NA,NA
3044,NA,NA,NA,NA,NA,NA,NA,NA,NA,NA,NA,NA,NA,NA,NA,NA,NA,NA,NA,NA,NA,NA,NA,NA,NA,NA,NA,NA,NA,NA,NA,NA,NA,NA,NA,NA,NA,NA,NA,NA,NA,NA,NA,NA,NA,NA,NA,NA,NA,NA,NA,NA,NA
3043,NA,NA,NA,NA,NA,NA,NA,NA,NA,NA,NA,NA,NA,NA,NA,NA,NA,NA,NA,NA,NA,NA,NA,NA,NA,NA,NA,NA,NA,NA,NA,NA,NA,NA,NA,NA,NA,NA,NA,NA,NA,NA,NA,NA,NA,NA,NA,NA,NA,NA,NA,NA,NA
177,NA,NA,NA,NA,NA,NA,NA,NA,NA,NA,NA,NA,NA,NA,NA,NA,NA,NA,NA,NA,NA,NA,NA,NA,NA,NA,NA,NA,NA,NA,NA,NA,NA,NA,NA,NA,NA,NA,NA,NA,NA,NA,NA,NA,NA,NA,NA,NA,NA,NA,NA,NA,NA
171,NA,NA,NA,NA,NA,NA,NA,NA,NA,NA,NA,NA,NA,NA,NA,NA,NA,NA,NA,NA,NA,NA,NA,NA,NA,NA,NA,NA,NA,NA,NA,NA,NA,NA,NA,NA,NA,NA,NA,NA,NA,NA,NA,NA,NA,NA,NA,NA,NA,NA,NA,NA,NA
276,1,NA,NA,NA,NA,NA,NA,NA,NA,NA,NA,NA,NA,NA,NA,NA,NA,NA,NA,NA,0.468465700333146,0.359296990124736,0.112393236395458,-0.200153571305441,-0.39861185164158,-0.342205793285721,-0.0868487622662288,0.140826532253703,0.164407392531804,0.0388804650356858,-0.0295413790403105,0.0576253991314628,0.16977111363626,0.12117006579045,-0.0802887501369152,-0.235575908577896,-0.206634887706233,-0.0828452364471812,-0.0438631074664146,-0.115870319753024,-0.157592574958196,-0.0811934685550626,0.0211573037959771,NA,NA,NA,NA,NA,NA,NA,NA,NA,NA
278,1,NA,NA,NA,NA,NA,NA,NA,NA,NA,NA,NA,NA,NA,NA,NA,NA,NA,NA,NA,NA,NA,NA,NA,NA,NA,NA,NA,NA,NA,NA,NA,NA,NA,0.016924290151398,0.016924290151398,0.016924290151398,0.0169242901513975,0.016924290151398,NA,NA,NA,NA,NA,NA,NA,NA,NA,NA,NA,NA,NA,NA
277,1,NA,NA,NA,NA,NA,NA,NA,NA,NA,NA,NA,NA,NA,NA,NA,NA,NA,NA,NA,NA,NA,NA,NA,NA,NA,NA,NA,NA,NA,NA,NA,NA,NA,NA,-0.123127115349449,-0.123127115349449,-0.123127115349449,-0.123127115349449,NA,NA,NA,NA,NA,NA,NA,NA,NA,NA,NA,NA,NA,NA
81,1,NA,NA,NA,NA,NA,NA,NA,NA,NA,NA,NA,NA,NA,NA,NA,NA,NA,NA,NA,NA,-0.145197872667093,-0.145197872667093,-0.145197872667093,-0.145197872667093,-0.145197872667093,NA,NA,NA,NA,NA,NA,NA,NA,NA,NA,NA,NA,NA,NA,NA,NA,NA,NA,NA,NA,NA,NA,NA,NA,NA,NA,NA
3026,1,NA,NA,NA,NA,NA,NA,NA,NA,NA,NA,NA,NA,NA,NA,NA,NA,NA,NA,NA,NA,NA,NA,NA,NA,NA,NA,NA,NA,0.00459134442987478,0.004591344429849,0.00459134442996659,0.00459134443032233,0.00459134443073932,0.00459134443088029,0.00459134443053748,0.00459134442977924,0.00459134442884565,0.00459134442796508,0.00459134442727124,0.00459134442681405,0.00459134442657812,0.00459134442649597,NA,NA,NA,NA,NA,NA,NA,NA,NA,NA
363,1,NA,NA,NA,NA,NA,NA,NA,NA,NA,NA,NA,NA,NA,NA,NA,NA,NA,NA,NA,NA,0.0234752199822991,0.0234752199822953,0.0234752199823196,0.023475219982421,0.0234752199826422,0.0234752199829944,0.0234752199834506,0.0234752199839644,0.0234752199844968,0.0234752199850237,0.0234752199855295,0.0234752199859865,0.0234752199863583,0.0234752199866189,0.0234752199867743,0.0234752199868582,0.0234752199869089,0.0234752199869493,0.0234752199869812,0.0234752199869985,NA,NA,NA,NA,NA,NA,NA,NA,NA,NA,NA,NA
36,1,NA,NA,NA,NA,NA,NA,NA,NA,NA,NA,NA,NA,NA,NA,NA,NA,NA,NA,NA,NA,NA,0.0140034117484236,0.0140034117484238,0.0140034117484236,NA,NA,NA,NA,NA,NA,NA,NA,NA,NA,NA,NA,NA,NA,NA,NA,NA,NA,NA,NA,NA,NA,NA,NA,NA,NA,NA,NA
303,1,NA,NA,NA,NA,NA,NA,NA,NA,NA,NA,NA,NA,NA,NA,NA,NA,NA,NA,NA,NA,NA,NA,NA,NA,NA,0.0867096680659036,0.0558495907667511,0.00588126418479518,-0.0394336586178021,-0.0611403057620696,-0.0559544079903644,-0.0338348487655158,-0.00865893409402752,0.00975479668317614,0.0185637088630664,0.0206979945365802,NA,NA,NA,NA,NA,NA,NA,NA,NA,NA,NA,NA,NA,NA,NA,NA
304,1,NA,NA,NA,NA,NA,NA,NA,NA,NA,NA,NA,NA,NA,NA,NA,NA,NA,NA,NA,NA,NA,NA,NA,NA,NA,0.0354600635004534,0.0354600635004536,0.0354600635004534,0.0354600635004534,0.0354600635004536,0.0354600635004534,0.0354600635004536,0.0354600635004532,0.0354600635004536,NA,NA,NA,NA,NA,NA,NA,NA,NA,NA,NA,NA,NA,NA,NA,NA,NA,NA
305,1,NA,NA,NA,NA,NA,NA,NA,NA,NA,NA,NA,NA,NA,NA,NA,NA,NA,NA,NA,NA,NA,NA,NA,NA,NA,-0.0885413827911947,-0.0558922187018824,-0.0111247585184686,0.0223869713723679,0.0437805500311854,0.0607335728397871,0.0615294653693093,0.0245593772362649,-0.0423279304336406,-0.0942360796445165,NA,NA,NA,NA,NA,NA,NA,NA,NA,NA,NA,NA,NA,NA,NA,NA,NA
343,1,NA,NA,NA,NA,NA,NA,NA,NA,NA,NA,NA,NA,NA,NA,NA,NA,NA,NA,NA,NA,NA,NA,NA,NA,NA,NA,NA,NA,NA,-0.0191404294677072,-0.0191404294677072,-0.0191404294677072,-0.0191404294677072,-0.0191404294677072,-0.0191404294677073,-0.0191404294677072,-0.0191404294677073,-0.0191404294677071,-0.0191404294677073,-0.0191404294677072,-0.0191404294677072,-0.0191404294677072,-0.0191404294677073,-0.0191404294677072,-0.0191404294677072,-0.0191404294677072,NA,NA,NA,NA,NA,NA
3056,1,NA,NA,NA,NA,NA,NA,NA,NA,NA,NA,NA,NA,NA,NA,NA,NA,NA,NA,NA,NA,NA,NA,NA,NA,NA,NA,NA,NA,NA,0.030507400650462,0.030507400650462,0.030507400650462,0.0305074006504621,0.030507400650462,0.030507400650462,0.030507400650462,0.030507400650462,0.0305074006504621,0.030507400650462,0.0305074006504621,0.030507400650462,0.030507400650462,0.030507400650462,0.0305074006504621,0.030507400650462,0.030507400650462,NA,NA,NA,NA,NA,NA
3058,1,NA,NA,NA,NA,NA,NA,NA,NA,NA,NA,NA,NA,NA,NA,NA,NA,NA,NA,NA,NA,NA,NA,NA,NA,NA,NA,NA,NA,NA,0.00652345164933571,0.00652345164933565,0.00652345164933571,0.00652345164933565,0.0065234516493356,0.00652345164933571,0.00652345164933565,0.00652345164933565,0.00652345164933565,0.00652345164933565,0.00652345164933571,0.0065234516493356,0.00652345164933571,0.0065234516493356,0.00652345164933571,0.00652345164933565,0.00652345164933565,NA,NA,NA,NA,NA,NA
3059,1,NA,NA,NA,NA,NA,NA,NA,NA,NA,NA,NA,NA,NA,NA,NA,NA,NA,NA,NA,NA,NA,NA,NA,NA,NA,NA,NA,NA,NA,0.0320295086960843,0.0320295086960842,0.0320295086960845,0.0320295086960843,0.0320295086960842,0.0320295086960845,0.0320295086960843,0.0320295086960843,0.0320295086960845,0.0320295086960842,0.0320295086960843,0.0320295086960842,0.0320295086960843,0.0320295086960846,0.0320295086960843,0.0320295086960842,0.0320295086960843,NA,NA,NA,NA,NA,NA
3060,1,NA,NA,NA,NA,NA,NA,NA,NA,NA,NA,NA,NA,NA,NA,NA,NA,NA,NA,NA,NA,NA,NA,NA,NA,NA,NA,NA,NA,NA,NA,-0.0125252602009993,-0.0125252602009994,-0.0125252602009994,-0.0125252602009994,-0.0125252602009994,NA,NA,NA,NA,NA,NA,NA,NA,NA,NA,NA,NA,NA,NA,NA,NA,NA
3057,1,NA,NA,NA,NA,NA,NA,NA,NA,NA,NA,NA,NA,NA,NA,NA,NA,NA,NA,NA,NA,NA,NA,NA,NA,NA,NA,NA,NA,NA,NA,0.0286746562292954,0.0286746562292954,0.0286746562292953,0.0286746562292954,0.0286746562292953,0.0286746562292953,0.0286746562292953,0.0286746562292953,0.0286746562292954,0.0286746562292954,0.0286746562292953,0.0286746562292953,0.0286746562292953,0.0286746562292953,0.0286746562292954,0.0286746562292953,NA,NA,NA,NA,NA,NA
3062,1,NA,NA,NA,NA,NA,NA,NA,NA,NA,NA,NA,NA,NA,NA,NA,NA,NA,NA,NA,NA,NA,NA,NA,NA,NA,NA,NA,NA,NA,NA,0.0350718000613123,0.0349873899365437,0.0347246546769232,0.0341794579462201,0.0333076797634548,0.0321713373671259,0.0309434069226173,0.0298238253120765,0.028855055910372,0.0280370987175044,0.0273699537334733,0.026853620958279,0.0264785713316105,0.0262002509552612,0.0259840101958276,0.0258298346215615,0.0257529093184343,NA,NA,NA,NA,NA
3063,1,NA,NA,NA,NA,NA,NA,NA,NA,NA,NA,NA,NA,NA,NA,NA,NA,NA,NA,NA,NA,NA,NA,NA,NA,NA,NA,NA,NA,NA,NA,NA,NA,0.0279703885518864,0.0279703885518867,0.0279703885518866,0.0279703885518865,0.0279703885518867,0.0279703885518866,0.0279703885518866,0.0279703885518867,0.0279703885518865,0.0279703885518866,0.0279703885518866,0.0279703885518866,0.0279703885518866,0.0279703885518866,NA,NA,NA,NA,NA,NA
3065,1,NA,NA,NA,NA,NA,NA,NA,NA,NA,NA,NA,NA,NA,NA,NA,NA,NA,NA,NA,NA,NA,NA,NA,NA,NA,NA,NA,NA,NA,NA,NA,NA,-0.101277560661045,-0.0802856356808127,-0.0340957925937685,0.0170910475638149,0.0271679701270663,-0.037199108355498,-0.152254584393868,-0.241058996325329,-0.235066555385999,-0.137126149842354,-0.0214128894163708,0.0306420081284458,-0.00540993853606675,-0.0906646301167637,-0.167978069607999,-0.206433431827117,NA,NA,NA,NA
3824,1,NA,NA,NA,NA,NA,NA,NA,NA,NA,NA,NA,NA,NA,NA,NA,NA,NA,NA,NA,NA,NA,NA,NA,NA,NA,NA,NA,NA,NA,NA,NA,NA,NA,NA,NA,-0.0587658931571536,-0.0587658931571535,-0.0587658931571535,-0.0587658931571535,-0.0587658931571535,-0.0587658931571535,-0.0587658931571536,-0.0587658931571535,-0.0587658931571535,-0.0587658931571535,-0.0587658931571535,-0.0587658931571535,NA,NA,NA,NA,NA
3061,1,NA,NA,NA,NA,NA,NA,NA,NA,NA,NA,NA,NA,NA,NA,NA,NA,NA,NA,NA,NA,NA,NA,NA,NA,NA,NA,NA,NA,NA,NA,NA,NA,NA,NA,NA,NA,NA,NA,NA,-0.0880456295278247,-0.0880456295278247,NA,NA,NA,NA,NA,NA,NA,NA,NA,NA,NA
693,NA,NA,NA,NA,NA,NA,NA,NA,NA,NA,NA,NA,NA,NA,NA,NA,NA,NA,NA,NA,NA,NA,NA,NA,NA,NA,NA,NA,NA,NA,NA,NA,NA,NA,NA,NA,NA,NA,NA,NA,NA,NA,NA,NA,NA,NA,NA,NA,NA,NA,NA,NA,NA
3064,NA,NA,NA,NA,NA,NA,NA,NA,NA,NA,NA,NA,NA,NA,NA,NA,NA,NA,NA,NA,NA,NA,NA,NA,NA,NA,NA,NA,NA,NA,NA,NA,NA,NA,NA,NA,NA,NA,NA,NA,NA,NA,NA,NA,NA,NA,NA,NA,NA,NA,NA,NA,NA
718,1,NA,NA,NA,NA,NA,NA,NA,NA,NA,NA,NA,NA,NA,NA,NA,NA,NA,NA,NA,NA,NA,NA,NA,0.00178995074077459,0.0017899507408734,0.00178995074102106,0.00178995074123645,0.00178995074167987,0.00178995074248389,0.00178995074354482,0.00178995074455646,0.00178995074525634,0.00178995074557453,0.00178995074557764,0.00178995074536914,0.00178995074508403,0.00178995074489152,NA,NA,NA,NA,NA,NA,NA,NA,NA,NA,NA,NA,NA,NA,NA
126,1,NA,NA,NA,NA,NA,NA,NA,NA,NA,NA,NA,NA,NA,NA,NA,NA,NA,NA,NA,NA,NA,NA,NA,NA,NA,0.0778151250383644,0.0778151250383644,0.0778151250383643,NA,NA,NA,NA,NA,NA,NA,NA,NA,NA,NA,NA,NA,NA,NA,NA,NA,NA,NA,NA,NA,NA,NA,NA
127,1,NA,NA,NA,NA,NA,NA,NA,NA,NA,NA,NA,NA,NA,NA,NA,NA,NA,NA,NA,NA,NA,NA,NA,NA,NA,-0.189854235924122,-0.189854235924122,-0.189854235924122,NA,NA,NA,NA,NA,NA,NA,NA,NA,NA,NA,NA,NA,NA,NA,NA,NA,NA,NA,NA,NA,NA,NA,NA
128,1,NA,NA,NA,NA,NA,NA,NA,NA,NA,NA,NA,NA,NA,NA,NA,NA,NA,NA,NA,NA,NA,NA,NA,NA,NA,-0.0976543765096336,-0.0976543765096335,-0.0976543765096335,NA,NA,NA,NA,NA,NA,NA,NA,NA,NA,NA,NA,NA,NA,NA,NA,NA,NA,NA,NA,NA,NA,NA,NA
129,1,NA,NA,NA,NA,NA,NA,NA,NA,NA,NA,NA,NA,NA,NA,NA,NA,NA,NA,NA,NA,NA,NA,NA,NA,NA,0.0547528576459818,0.0547528576459817,0.0547528576459818,0.0547528576459817,NA,NA,NA,NA,NA,NA,NA,NA,NA,NA,NA,NA,NA,NA,NA,NA,NA,NA,NA,NA,NA,NA,NA
130,1,NA,NA,NA,NA,NA,NA,NA,NA,NA,NA,NA,NA,NA,NA,NA,NA,NA,NA,NA,NA,NA,NA,NA,NA,NA,0.00969100130080164,0.00969100130080164,0.00969100130080169,0.00969100130080158,NA,NA,NA,NA,NA,NA,NA,NA,NA,NA,NA,NA,NA,NA,NA,NA,NA,NA,NA,NA,NA,NA,NA
300,1,NA,NA,NA,NA,NA,NA,NA,NA,NA,NA,NA,NA,NA,NA,NA,NA,NA,NA,NA,NA,NA,NA,NA,NA,NA,-0.00290491072646937,-0.0313625084188802,-0.0652376976833493,-0.073251594694764,-0.0448203637714042,0.00228120181075386,0.0398552494847337,0.0517039793205887,0.0411452868661493,0.0227690413909094,0.0104124169885165,NA,NA,NA,NA,NA,NA,NA,NA,NA,NA,NA,NA,NA,NA,NA,NA
301,1,NA,NA,NA,NA,NA,NA,NA,NA,NA,NA,NA,NA,NA,NA,NA,NA,NA,NA,NA,NA,NA,NA,NA,NA,NA,-0.0146457398714868,-0.0146457398714865,-0.0146457398714865,-0.0146457398714868,-0.0146457398714865,-0.0146457398714868,-0.0146457398714865,-0.0146457398714868,-0.0146457398714865,NA,NA,NA,NA,NA,NA,NA,NA,NA,NA,NA,NA,NA,NA,NA,NA,NA,NA
302,1,NA,NA,NA,NA,NA,NA,NA,NA,NA,NA,NA,NA,NA,NA,NA,NA,NA,NA,NA,NA,NA,NA,NA,NA,NA,-0.025744239540169,-0.0279038799181002,-0.0307577502627794,-0.0315829908632617,-0.0280928645458656,-0.0193948187214659,-0.00610274888650153,0.0094122466488662,0.0230091665999017,0.0305448839871927,NA,NA,NA,NA,NA,NA,NA,NA,NA,NA,NA,NA,NA,NA,NA,NA,NA
131,1,NA,NA,NA,NA,NA,NA,NA,NA,NA,NA,NA,NA,NA,NA,NA,NA,NA,NA,NA,NA,NA,NA,NA,NA,NA,NA,-0.221848749616424,-0.221848749616424,NA,NA,NA,NA,NA,NA,NA,NA,NA,NA,NA,NA,NA,NA,NA,NA,NA,NA,NA,NA,NA,NA,NA,NA
132,1,NA,NA,NA,NA,NA,NA,NA,NA,NA,NA,NA,NA,NA,NA,NA,NA,NA,NA,NA,NA,NA,NA,NA,NA,NA,NA,-0.386160853361603,-0.386160853361603,NA,NA,NA,NA,NA,NA,NA,NA,NA,NA,NA,NA,NA,NA,NA,NA,NA,NA,NA,NA,NA,NA,NA,NA
156,1,NA,NA,NA,NA,NA,NA,NA,NA,NA,NA,NA,NA,NA,NA,NA,NA,NA,NA,NA,NA,NA,NA,NA,NA,NA,NA,NA,0.0294507816429903,0.0294507816440299,0.0294507816458622,0.0294507816478355,0.0294507816493119,0.0294507816500231,0.0294507816501131,0.0294507816499392,0.0294507816498,NA,NA,NA,NA,NA,NA,NA,NA,NA,NA,NA,NA,NA,NA,NA,NA
153,1,NA,NA,NA,NA,NA,NA,NA,NA,NA,NA,NA,NA,NA,NA,NA,NA,NA,NA,NA,NA,NA,NA,NA,NA,NA,NA,NA,NA,0.14473361724771,0.14473361724771,0.14473361724771,0.14473361724771,0.14473361724771,0.14473361724771,0.14473361724771,NA,NA,NA,NA,NA,NA,NA,NA,NA,NA,NA,NA,NA,NA,NA,NA,NA
340,1,NA,NA,NA,NA,NA,NA,NA,NA,NA,NA,NA,NA,NA,NA,NA,NA,NA,NA,NA,NA,NA,NA,NA,NA,NA,NA,NA,NA,NA,-0.0769545116059118,-0.0769545116059118,-0.0769545116059119,-0.0769545116059118,-0.0769545116059118,-0.0769545116059118,NA,NA,NA,NA,NA,NA,NA,NA,NA,NA,NA,NA,NA,NA,NA,NA,NA
158,1,NA,NA,NA,NA,NA,NA,NA,NA,NA,NA,NA,NA,NA,NA,NA,NA,NA,NA,NA,NA,NA,NA,NA,NA,NA,NA,NA,NA,NA,NA,-0.070693177746058,-0.070693177746058,-0.070693177746058,-0.0706931777460579,-0.070693177746058,-0.0706931777460581,NA,NA,NA,NA,NA,NA,NA,NA,NA,NA,NA,NA,NA,NA,NA,NA
150,NA,NA,NA,NA,NA,NA,NA,NA,NA,NA,NA,NA,NA,NA,NA,NA,NA,NA,NA,NA,NA,NA,NA,NA,NA,NA,NA,NA,NA,NA,NA,NA,NA,NA,NA,NA,NA,NA,NA,NA,NA,NA,NA,NA,NA,NA,NA,NA,NA,NA,NA,NA,NA
280,NA,NA,NA,NA,NA,NA,NA,NA,NA,NA,NA,NA,NA,NA,NA,NA,NA,NA,NA,NA,NA,NA,NA,NA,NA,NA,NA,NA,NA,NA,NA,NA,NA,NA,NA,NA,NA,NA,NA,NA,NA,NA,NA,NA,NA,NA,NA,NA,NA,NA,NA,NA,NA
281,NA,NA,NA,NA,NA,NA,NA,NA,NA,NA,NA,NA,NA,NA,NA,NA,NA,NA,NA,NA,NA,NA,NA,NA,NA,NA,NA,NA,NA,NA,NA,NA,NA,NA,NA,NA,NA,NA,NA,NA,NA,NA,NA,NA,NA,NA,NA,NA,NA,NA,NA,NA,NA
282,1,NA,NA,NA,NA,NA,NA,NA,NA,NA,NA,NA,NA,NA,NA,NA,NA,NA,NA,NA,NA,NA,NA,NA,NA,NA,0.0492634724242587,0.0492634724242587,0.0492634724242588,0.0492634724242587,0.0492634724242587,0.0492634724242588,0.0492634724242585,NA,NA,NA,NA,NA,NA,NA,NA,NA,NA,NA,NA,NA,NA,NA,NA,NA,NA,NA,NA
328,1,NA,NA,NA,NA,NA,NA,NA,NA,NA,NA,NA,NA,NA,NA,NA,NA,NA,NA,NA,NA,NA,NA,NA,NA,NA,NA,NA,NA,0.128201368351663,0.128201368351663,0.128201368351663,0.128201368351663,NA,NA,NA,NA,NA,NA,NA,NA,NA,NA,NA,NA,NA,NA,NA,NA,NA,NA,NA,NA
325,1,NA,NA,NA,NA,NA,NA,NA,NA,NA,NA,NA,NA,NA,NA,NA,NA,NA,NA,NA,NA,NA,NA,NA,NA,NA,NA,NA,NA,NA,NA,NA,NA,NA,NA,0.0840103749016667,0.0794804783639713,0.0540688273775252,0.012104310545052,-0.0105784190564939,0.0113421916413343,0.0543527030228201,0.07037112422223,0.0439916853244195,0.00559517199804516,-0.0123613062059191,-0.010827675324637,-0.00852260446629272,-0.010828076282634,NA,NA,NA,NA
3159,1,NA,NA,NA,NA,NA,NA,NA,NA,NA,NA,NA,NA,NA,NA,NA,NA,NA,NA,NA,NA,NA,NA,NA,NA,NA,NA,NA,NA,NA,NA,NA,NA,NA,NA,NA,NA,0.0416348431134204,0.0416348431134203,0.0416348431134204,0.0416348431134204,0.0416348431134203,0.0416348431134205,0.0416348431134201,0.0416348431134204,NA,NA,NA,NA,NA,NA,NA,NA
660,1,NA,NA,NA,NA,NA,NA,NA,NA,NA,NA,NA,NA,NA,NA,NA,NA,NA,NA,NA,NA,NA,NA,NA,NA,NA,NA,NA,NA,NA,NA,NA,NA,NA,NA,NA,NA,0.635153986231552,0.447905253451267,0.17214447412406,-0.0239840884738585,-0.0535216430415886,0.0156776563592063,0.0519516914345941,0.0271168147852299,-0.0388458269685654,-0.0749712814070029,-0.0307541655326282,0.0656082599153447,0.137543428292267,NA,NA,NA
2997,1,NA,NA,NA,NA,NA,NA,NA,NA,NA,NA,NA,NA,NA,NA,NA,NA,NA,NA,NA,NA,NA,NA,NA,NA,NA,NA,NA,NA,NA,NA,NA,NA,NA,NA,NA,NA,NA,0.0498354758409576,0.0498354758409576,0.0498354758409576,0.0498354758409576,0.0498354758409576,0.0498354758409576,0.0498354758409577,0.0498354758409575,0.0498354758409576,NA,NA,NA,NA,NA,NA
3109,1,NA,NA,NA,NA,NA,NA,NA,NA,NA,NA,NA,NA,NA,NA,NA,NA,NA,NA,NA,NA,NA,NA,NA,NA,NA,NA,NA,NA,NA,NA,NA,NA,NA,NA,NA,NA,NA,NA,0.0771458013521744,0.0771458013521744,0.0771458013521745,0.0771458013521745,0.0771458013521745,0.0771458013521745,0.0771458013521744,0.0771458013521746,NA,NA,NA,NA,NA,NA
3110,1,NA,NA,NA,NA,NA,NA,NA,NA,NA,NA,NA,NA,NA,NA,NA,NA,NA,NA,NA,NA,NA,NA,NA,NA,NA,NA,NA,NA,NA,NA,NA,NA,NA,NA,NA,NA,NA,NA,0.0301697563394187,0.0301697563394187,0.0301697563394185,0.0301697563394188,0.0301697563394187,0.0301697563394185,NA,NA,NA,NA,NA,NA,NA,NA
3112,1,NA,NA,NA,NA,NA,NA,NA,NA,NA,NA,NA,NA,NA,NA,NA,NA,NA,NA,NA,NA,NA,NA,NA,NA,NA,NA,NA,NA,NA,NA,NA,NA,NA,NA,NA,NA,NA,NA,0.0342559461638948,0.0342559461638949,0.0342559461638947,0.0342559461638949,0.0342559461638948,0.0342559461638948,0.0342559461638948,0.0342559461638949,NA,NA,NA,NA,NA,NA
3114,1,NA,NA,NA,NA,NA,NA,NA,NA,NA,NA,NA,NA,NA,NA,NA,NA,NA,NA,NA,NA,NA,NA,NA,NA,NA,NA,NA,NA,NA,NA,NA,NA,NA,NA,NA,NA,NA,NA,0.102587242510539,0.102587242510539,0.10258724251054,0.10258724251054,0.102587242510539,0.10258724251054,0.102587242510539,0.10258724251054,NA,NA,NA,NA,NA,NA
3116,1,NA,NA,NA,NA,NA,NA,NA,NA,NA,NA,NA,NA,NA,NA,NA,NA,NA,NA,NA,NA,NA,NA,NA,NA,NA,NA,NA,NA,NA,NA,NA,NA,NA,NA,NA,NA,NA,NA,NA,-0.146786730166664,-0.146786730166664,-0.146786730166664,-0.146786730166664,-0.146786730166664,-0.146786730166663,NA,NA,NA,NA,NA,NA,NA
3117,1,NA,NA,NA,NA,NA,NA,NA,NA,NA,NA,NA,NA,NA,NA,NA,NA,NA,NA,NA,NA,NA,NA,NA,NA,NA,NA,NA,NA,NA,NA,NA,NA,NA,NA,NA,NA,NA,NA,NA,0.0226591866276697,0.0226591866276696,0.0226591866276695,0.0226591866276696,0.0226591866276697,0.0226591866276695,NA,NA,NA,NA,NA,NA,NA
3115,1,NA,NA,NA,NA,NA,NA,NA,NA,NA,NA,NA,NA,NA,NA,NA,NA,NA,NA,NA,NA,NA,NA,NA,NA,NA,NA,NA,NA,NA,NA,NA,NA,NA,NA,NA,NA,NA,NA,NA,NA,0.0578372469397213,0.0578372469397213,0.057837246939721,0.0578372469397213,0.0578372469397211,0.0578372469397213,NA,NA,NA,NA,NA,NA
3118,1,NA,NA,NA,NA,NA,NA,NA,NA,NA,NA,NA,NA,NA,NA,NA,NA,NA,NA,NA,NA,NA,NA,NA,NA,NA,NA,NA,NA,NA,NA,NA,NA,NA,NA,NA,NA,NA,NA,NA,NA,NA,0.212984366136212,0.212984366136212,NA,NA,NA,NA,NA,NA,NA,NA,NA
3113,1,NA,NA,NA,NA,NA,NA,NA,NA,NA,NA,NA,NA,NA,NA,NA,NA,NA,NA,NA,NA,NA,NA,NA,NA,NA,NA,NA,NA,NA,NA,NA,NA,NA,NA,NA,NA,NA,NA,NA,NA,NA,-0.0969195199792059,-0.0969195199792058,-0.0969195199792059,-0.0969195199792059,NA,NA,NA,NA,NA,NA,NA
661,1,NA,NA,NA,NA,NA,NA,NA,NA,NA,NA,NA,NA,NA,NA,NA,NA,NA,NA,NA,NA,NA,NA,NA,NA,NA,NA,NA,NA,NA,NA,NA,NA,NA,NA,NA,NA,NA,NA,NA,NA,NA,0.0198110130742685,0.0198110130742682,0.0198110130742684,0.0198110130742684,NA,NA,NA,NA,NA,NA,NA
3111,NA,NA,NA,NA,NA,NA,NA,NA,NA,NA,NA,NA,NA,NA,NA,NA,NA,NA,NA,NA,NA,NA,NA,NA,NA,NA,NA,NA,NA,NA,NA,NA,NA,NA,NA,NA,NA,NA,NA,NA,NA,NA,NA,NA,NA,NA,NA,NA,NA,NA,NA,NA,NA
3119,NA,NA,NA,NA,NA,NA,NA,NA,NA,NA,NA,NA,NA,NA,NA,NA,NA,NA,NA,NA,NA,NA,NA,NA,NA,NA,NA,NA,NA,NA,NA,NA,NA,NA,NA,NA,NA,NA,NA,NA,NA,NA,NA,NA,NA,NA,NA,NA,NA,NA,NA,NA,NA
289,1,NA,NA,NA,NA,NA,NA,NA,NA,NA,NA,NA,NA,NA,NA,NA,NA,NA,NA,NA,NA,NA,NA,NA,NA,NA,-0.0102967420066904,-0.0102967420068174,-0.010296742006886,-0.0102967420067277,-0.010296742006412,-0.0102967420062252,-0.0102967420064124,-0.0102967420069648,-0.010296742007643,-0.0102967420081763,-0.0102967420084359,NA,NA,NA,NA,NA,NA,NA,NA,NA,NA,NA,NA,NA,NA,NA,NA
290,1,NA,NA,NA,NA,NA,NA,NA,NA,NA,NA,NA,NA,NA,NA,NA,NA,NA,NA,NA,NA,NA,NA,NA,NA,NA,-0.0293515771881223,-0.0293515771881216,-0.0293515771881221,-0.0293515771881219,-0.0293515771881219,-0.0293515771881219,-0.0293515771881219,-0.0293515771881221,-0.0293515771881219,NA,NA,NA,NA,NA,NA,NA,NA,NA,NA,NA,NA,NA,NA,NA,NA,NA,NA
291,1,NA,NA,NA,NA,NA,NA,NA,NA,NA,NA,NA,NA,NA,NA,NA,NA,NA,NA,NA,NA,NA,NA,NA,NA,NA,-0.0607719517185255,-0.0272921353869364,0.0137103153695,0.0319637459174813,0.024286447219156,0.0106279413358139,0.00602485832141708,0.00763027173408171,0.00735750475957864,0.00521510041974627,NA,NA,NA,NA,NA,NA,NA,NA,NA,NA,NA,NA,NA,NA,NA,NA,NA
342,1,NA,NA,NA,NA,NA,NA,NA,NA,NA,NA,NA,NA,NA,NA,NA,NA,NA,NA,NA,NA,NA,NA,NA,NA,NA,NA,NA,NA,NA,NA,-0.0477121254719662,-0.0477121254719663,-0.0477121254719662,NA,NA,NA,NA,NA,NA,NA,NA,NA,NA,NA,NA,NA,NA,NA,NA,NA,NA,NA
3028,1,NA,NA,NA,NA,NA,NA,NA,NA,NA,NA,NA,NA,NA,NA,NA,NA,NA,NA,NA,NA,NA,NA,NA,NA,NA,NA,NA,NA,NA,NA,0.00774649707523678,0.00774649707523667,0.00774649707523678,0.00774649707523667,0.00774649707523678,0.00774649707523667,0.00774649707523667,0.00774649707523678,0.00774649707523667,0.00774649707523667,0.00774649707523678,0.00774649707523667,0.00774649707523667,0.00774649707523678,0.00774649707523667,0.00774649707523678,0.00774649707523667,NA,NA,NA,NA,NA
3035,1,NA,NA,NA,NA,NA,NA,NA,NA,NA,NA,NA,NA,NA,NA,NA,NA,NA,NA,NA,NA,NA,NA,NA,NA,NA,NA,NA,NA,NA,NA,0.0334007111125722,0.0334007111125723,0.0334007111125723,0.0334007111125723,0.0334007111125721,0.0334007111125723,0.0334007111125723,0.0334007111125721,0.0334007111125723,0.0334007111125723,0.0334007111125723,0.0334007111125723,0.0334007111125723,0.0334007111125723,0.0334007111125723,0.0334007111125723,NA,NA,NA,NA,NA,NA
3036,1,NA,NA,NA,NA,NA,NA,NA,NA,NA,NA,NA,NA,NA,NA,NA,NA,NA,NA,NA,NA,NA,NA,NA,NA,NA,NA,NA,NA,NA,NA,0.00556547301826937,0.00556547301826937,0.00556547301826937,0.00556547301826948,0.00556547301826926,0.00556547301826948,0.00556547301826937,0.00556547301826937,0.00556547301826937,0.00556547301826926,0.00556547301826937,0.00556547301826937,0.00556547301826937,0.00556547301826937,0.00556547301826937,0.00556547301826948,0.00556547301826937,NA,NA,NA,NA,NA
3038,1,NA,NA,NA,NA,NA,NA,NA,NA,NA,NA,NA,NA,NA,NA,NA,NA,NA,NA,NA,NA,NA,NA,NA,NA,NA,NA,NA,NA,NA,NA,NA,0.00475593845801026,0.00475593845801037,0.00475593845801037,0.00475593845801014,0.00475593845801037,0.00475593845801026,0.00475593845801037,0.00475593845801037,0.00475593845801026,0.00475593845801014,0.00475593845801037,0.00475593845801026,0.00475593845801037,0.00475593845801037,0.00475593845801026,NA,NA,NA,NA,NA,NA
3027,1,NA,NA,NA,NA,NA,NA,NA,NA,NA,NA,NA,NA,NA,NA,NA,NA,NA,NA,NA,NA,NA,NA,NA,NA,NA,NA,NA,NA,NA,NA,NA,0.00639763709906416,0.00639763709906421,0.00639763709906421,0.00639763709906421,0.00639763709906416,0.00639763709906421,0.00639763709906416,0.00639763709906427,0.00639763709906416,0.00639763709906416,0.00639763709906427,0.00639763709906416,0.00639763709906427,0.00639763709906416,0.00639763709906416,NA,NA,NA,NA,NA,NA
3029,1,NA,NA,NA,NA,NA,NA,NA,NA,NA,NA,NA,NA,NA,NA,NA,NA,NA,NA,NA,NA,NA,NA,NA,NA,NA,NA,NA,NA,NA,NA,NA,NA,-0.0151976308490551,-0.015197630849055,-0.015197630849055,-0.0151976308490551,-0.015197630849055,-0.015197630849055,-0.015197630849055,-0.015197630849055,-0.0151976308490551,-0.015197630849055,-0.015197630849055,-0.015197630849055,-0.015197630849055,-0.0151976308490551,NA,NA,NA,NA,NA,NA
3030,1,NA,NA,NA,NA,NA,NA,NA,NA,NA,NA,NA,NA,NA,NA,NA,NA,NA,NA,NA,NA,NA,NA,NA,NA,NA,NA,NA,NA,NA,NA,NA,NA,0.025255561205909,0.0252555612059089,0.0252555612059089,0.0252555612059089,0.025255561205909,0.0252555612059089,0.0252555612059089,0.025255561205909,0.0252555612059089,0.025255561205909,0.0252555612059089,0.0252555612059089,0.0252555612059089,0.0252555612059089,0.0252555612059089,NA,NA,NA,NA,NA
3031,1,NA,NA,NA,NA,NA,NA,NA,NA,NA,NA,NA,NA,NA,NA,NA,NA,NA,NA,NA,NA,NA,NA,NA,NA,NA,NA,NA,NA,NA,NA,NA,NA,0.0306474008826003,0.0306474008826003,0.0306474008826004,0.0306474008826002,0.0306474008826003,0.0306474008826004,0.0306474008826003,0.0306474008826003,0.0306474008826003,0.0306474008826002,0.0306474008826004,0.0306474008826002,0.0306474008826004,0.0306474008826002,NA,NA,NA,NA,NA,NA
3032,1,NA,NA,NA,NA,NA,NA,NA,NA,NA,NA,NA,NA,NA,NA,NA,NA,NA,NA,NA,NA,NA,NA,NA,NA,NA,NA,NA,NA,NA,NA,NA,NA,0.0447053049527908,0.0447053049527909,0.0447053049527908,0.0447053049527908,0.0447053049527908,0.0447053049527908,0.0447053049527908,0.0447053049527908,0.0447053049527908,0.0447053049527907,0.0447053049527908,0.0447053049527908,0.0447053049527908,0.0447053049527908,NA,NA,NA,NA,NA,NA
3033,1,NA,NA,NA,NA,NA,NA,NA,NA,NA,NA,NA,NA,NA,NA,NA,NA,NA,NA,NA,NA,NA,NA,NA,NA,NA,NA,NA,NA,NA,NA,NA,NA,-0.172193180801269,-0.142811908520189,-0.0789903823347337,-0.000832443481102896,0.0466241224388427,0.0294921141676256,-0.0354709425653585,-0.0836310164558884,-0.05573643415894,0.0456990888919158,0.153221481271789,0.18920968971837,0.126828705993707,0.00414658965451675,-0.112002794665539,-0.174347416465527,NA,NA,NA,NA
3825,1,NA,NA,NA,NA,NA,NA,NA,NA,NA,NA,NA,NA,NA,NA,NA,NA,NA,NA,NA,NA,NA,NA,NA,NA,NA,NA,NA,NA,NA,NA,NA,NA,NA,0.0170149082639056,0.0170149082639055,0.0170149082639057,0.0170149082639056,0.0170149082639056,0.0170149082639055,0.0170149082639056,0.0170149082639056,0.0170149082639055,NA,NA,NA,NA,NA,NA,NA,NA,NA,NA
3037,NA,NA,NA,NA,NA,NA,NA,NA,NA,NA,NA,NA,NA,NA,NA,NA,NA,NA,NA,NA,NA,NA,NA,NA,NA,NA,NA,NA,NA,NA,NA,NA,NA,NA,NA,NA,NA,NA,NA,NA,NA,NA,NA,NA,NA,NA,NA,NA,NA,NA,NA,NA,NA
3034,NA,NA,NA,NA,NA,NA,NA,NA,NA,NA,NA,NA,NA,NA,NA,NA,NA,NA,NA,NA,NA,NA,NA,NA,NA,NA,NA,NA,NA,NA,NA,NA,NA,NA,NA,NA,NA,NA,NA,NA,NA,NA,NA,NA,NA,NA,NA,NA,NA,NA,NA,NA,NA
298,1,NA,NA,NA,NA,NA,NA,NA,NA,NA,NA,NA,NA,NA,NA,NA,NA,NA,NA,NA,NA,NA,NA,NA,NA,NA,0.0120994150495735,0.0113561365626942,0.00999113679692343,0.00840463247556533,0.00703603529508645,0.00610093686366397,0.0055071033434051,0.00498735962743302,0.00435880490828922,0.00370247533225099,0.00328449553929389,NA,NA,NA,NA,NA,NA,NA,NA,NA,NA,NA,NA,NA,NA,NA,NA
299,1,NA,NA,NA,NA,NA,NA,NA,NA,NA,NA,NA,NA,NA,NA,NA,NA,NA,NA,NA,NA,NA,NA,NA,NA,NA,-0.00166673620228064,-0.00166673620228019,-0.00166673620228064,-0.00166673620228042,-0.00166673620228064,-0.00166673620228064,-0.00166673620228019,-0.00166673620228064,-0.00166673620228064,NA,NA,NA,NA,NA,NA,NA,NA,NA,NA,NA,NA,NA,NA,NA,NA,NA,NA
341,1,NA,NA,NA,NA,NA,NA,NA,NA,NA,NA,NA,NA,NA,NA,NA,NA,NA,NA,NA,NA,NA,NA,NA,NA,NA,NA,NA,NA,NA,-0.0105169328145552,-0.0105169328145553,-0.0105169328145553,-0.0105169328145553,-0.0105169328145552,-0.0105169328145552,-0.0105169328145552,-0.0105169328145553,-0.0105169328145552,-0.0105169328145552,-0.0105169328145553,-0.0105169328145553,-0.0105169328145551,-0.0105169328145555,-0.0105169328145552,-0.0105169328145552,-0.0105169328145553,-0.0105169328145552,NA,NA,NA,NA,NA
3066,1,NA,NA,NA,NA,NA,NA,NA,NA,NA,NA,NA,NA,NA,NA,NA,NA,NA,NA,NA,NA,NA,NA,NA,NA,NA,NA,NA,NA,NA,-0.0308349873542666,-0.0308349873542666,-0.0308349873542668,-0.0308349873542668,-0.0308349873542667,-0.0308349873542666,-0.0308349873542667,-0.0308349873542668,-0.0308349873542667,-0.0308349873542667,-0.0308349873542667,-0.0308349873542667,-0.0308349873542667,-0.0308349873542667,-0.0308349873542667,-0.0308349873542667,-0.0308349873542667,NA,NA,NA,NA,NA,NA
3068,1,NA,NA,NA,NA,NA,NA,NA,NA,NA,NA,NA,NA,NA,NA,NA,NA,NA,NA,NA,NA,NA,NA,NA,NA,NA,NA,NA,NA,NA,0.00176494237817015,0.00176494237817038,0.00176494237817026,0.00176494237817015,0.00176494237817026,0.00176494237817026,0.00176494237817026,0.00176494237817015,0.00176494237817026,0.00176494237817026,0.00176494237817015,0.00176494237817026,0.00176494237817038,NA,NA,NA,NA,NA,NA,NA,NA,NA,NA
3069,1,NA,NA,NA,NA,NA,NA,NA,NA,NA,NA,NA,NA,NA,NA,NA,NA,NA,NA,NA,NA,NA,NA,NA,NA,NA,NA,NA,NA,NA,-0.0226353391030586,-0.0226353391030589,-0.0226353391030587,-0.0226353391030586,-0.0226353391030588,-0.0226353391030587,-0.0226353391030587,-0.0226353391030587,-0.0226353391030588,-0.0226353391030587,-0.0226353391030587,-0.0226353391030587,-0.0226353391030587,-0.0226353391030587,-0.0226353391030588,-0.0226353391030587,-0.0226353391030587,NA,NA,NA,NA,NA,NA
3070,1,NA,NA,NA,NA,NA,NA,NA,NA,NA,NA,NA,NA,NA,NA,NA,NA,NA,NA,NA,NA,NA,NA,NA,NA,NA,NA,NA,NA,NA,0.0632636208690964,0.0632636208690964,0.0632636208690963,0.0632636208690964,0.0632636208690963,0.0632636208690963,0.0632636208690963,0.0632636208690964,0.0632636208690963,0.0632636208690964,0.0632636208690962,0.0632636208690965,0.0632636208690962,0.0632636208690964,0.0632636208690964,0.0632636208690964,0.0632636208690962,NA,NA,NA,NA,NA,NA
3071,1,NA,NA,NA,NA,NA,NA,NA,NA,NA,NA,NA,NA,NA,NA,NA,NA,NA,NA,NA,NA,NA,NA,NA,NA,NA,NA,NA,NA,NA,-0.00756187366155414,-0.00756187366155436,-0.00756187366155425,-0.00756187366155425,-0.00756187366155425,-0.00756187366155425,-0.00756187366155436,-0.00756187366155425,-0.00756187366155425,-0.00756187366155436,-0.00756187366155425,-0.00756187366155414,-0.00756187366155425,-0.00756187366155436,-0.0075618736615542,-0.00756187366155431,-0.00756187366155425,NA,NA,NA,NA,NA,NA
3072,1,NA,NA,NA,NA,NA,NA,NA,NA,NA,NA,NA,NA,NA,NA,NA,NA,NA,NA,NA,NA,NA,NA,NA,NA,NA,NA,NA,NA,NA,NA,NA,0.738560627360081,0.738560627360081,NA,NA,NA,NA,NA,NA,NA,NA,NA,NA,NA,NA,NA,NA,NA,NA,NA,NA,NA
3067,1,NA,NA,NA,NA,NA,NA,NA,NA,NA,NA,NA,NA,NA,NA,NA,NA,NA,NA,NA,NA,NA,NA,NA,NA,NA,NA,NA,NA,NA,NA,NA,-0.0167576844956884,-0.0167576844956885,-0.0167576844956883,-0.0167576844956885,-0.0167576844956883,-0.0167576844956883,-0.0167576844956885,-0.0167576844956883,-0.0167576844956884,-0.0167576844956884,-0.0167576844956884,-0.0167576844956884,-0.0167576844956883,-0.0167576844956884,-0.0167576844956884,-0.0167576844956884,NA,NA,NA,NA,NA
3075,1,NA,NA,NA,NA,NA,NA,NA,NA,NA,NA,NA,NA,NA,NA,NA,NA,NA,NA,NA,NA,NA,NA,NA,NA,NA,NA,NA,NA,NA,NA,NA,0.0240931458197311,0.0240931458197309,0.024093145819731,0.024093145819731,0.024093145819731,0.024093145819731,0.024093145819731,0.024093145819731,0.024093145819731,0.024093145819731,0.024093145819731,0.0240931458197309,0.0240931458197312,0.0240931458197309,0.024093145819731,0.0240931458197309,NA,NA,NA,NA,NA
3076,1,NA,NA,NA,NA,NA,NA,NA,NA,NA,NA,NA,NA,NA,NA,NA,NA,NA,NA,NA,NA,NA,NA,NA,NA,NA,NA,NA,NA,NA,NA,NA,NA,0.0231400117277092,0.0231400117277091,0.0231400117277091,0.0231400117277091,0.0231400117277091,0.0231400117277091,0.0231400117277092,0.023140011727709,0.0231400117277092,0.0231400117277092,0.0231400117277091,0.0231400117277091,0.0231400117277091,0.023140011727709,0.0231400117277091,NA,NA,NA,NA,NA
3077,NA,NA,NA,NA,NA,NA,NA,NA,NA,NA,NA,NA,NA,NA,NA,NA,NA,NA,NA,NA,NA,NA,NA,NA,NA,NA,NA,NA,NA,NA,NA,NA,NA,NA,NA,NA,NA,NA,NA,NA,NA,NA,NA,NA,NA,NA,NA,NA,NA,NA,NA,NA,NA
3073,NA,NA,NA,NA,NA,NA,NA,NA,NA,NA,NA,NA,NA,NA,NA,NA,NA,NA,NA,NA,NA,NA,NA,NA,NA,NA,NA,NA,NA,NA,NA,NA,NA,NA,NA,NA,NA,NA,NA,NA,NA,NA,NA,NA,NA,NA,NA,NA,NA,NA,NA,NA,NA
3074,NA,NA,NA,NA,NA,NA,NA,NA,NA,NA,NA,NA,NA,NA,NA,NA,NA,NA,NA,NA,NA,NA,NA,NA,NA,NA,NA,NA,NA,NA,NA,NA,NA,NA,NA,NA,NA,NA,NA,NA,NA,NA,NA,NA,NA,NA,NA,NA,NA,NA,NA,NA,NA
529,1,NA,NA,NA,NA,NA,NA,NA,NA,NA,NA,NA,NA,NA,NA,NA,NA,NA,NA,NA,NA,NA,NA,NA,NA,NA,0.0832309827302402,0.0743123134621984,0.0570557023537448,0.0354983263713633,0.0151825807499064,1.26948391703241e-05,-0.00961142207570931,-0.0161810182013831,-0.0223352033996183,-0.028314730872756,-0.0321178509979061,NA,NA,NA,NA,NA,NA,NA,NA,NA,NA,NA,NA,NA,NA,NA,NA
530,1,NA,NA,NA,NA,NA,NA,NA,NA,NA,NA,NA,NA,NA,NA,NA,NA,NA,NA,NA,NA,NA,NA,NA,NA,NA,-0.0544574751993088,-0.0545672550847525,-0.053567352768094,-0.0503070600110456,-0.0450272350158192,-0.0392234007007755,-0.0342849010203459,-0.0304972052114991,-0.0274205258248432,-0.0249436537266983,-0.0235416186045614,NA,NA,NA,NA,NA,NA,NA,NA,NA,NA,NA,NA,NA,NA,NA,NA
91,NA,NA,NA,NA,NA,NA,NA,NA,NA,NA,NA,NA,NA,NA,NA,NA,NA,NA,NA,NA,NA,NA,NA,NA,NA,NA,NA,NA,NA,NA,NA,NA,NA,NA,NA,NA,NA,NA,NA,NA,NA,NA,NA,NA,NA,NA,NA,NA,NA,NA,NA,NA,NA
154,1,NA,NA,NA,NA,NA,NA,NA,NA,NA,NA,NA,NA,NA,NA,NA,NA,NA,NA,NA,NA,NA,NA,NA,NA,NA,NA,NA,-0.13330383986095,-0.119102792009785,-0.0688523460295208,0.00991583332564339,0.0622856378863278,0.0220400992223685,-0.12705957718612,-0.319531832441527,-0.447983961098743,NA,NA,NA,NA,NA,NA,NA,NA,NA,NA,NA,NA,NA,NA,NA,NA
145,1,NA,NA,NA,NA,NA,NA,NA,NA,NA,NA,NA,NA,NA,NA,NA,NA,NA,NA,NA,NA,NA,NA,NA,NA,NA,NA,NA,NA,NA,-0.0899084831574083,-0.0899084831574083,-0.0899084831574083,-0.0899084831574083,-0.0899084831574084,-0.0899084831574082,-0.0899084831574084,NA,NA,NA,NA,NA,NA,NA,NA,NA,NA,NA,NA,NA,NA,NA,NA
155,1,NA,NA,NA,NA,NA,NA,NA,NA,NA,NA,NA,NA,NA,NA,NA,NA,NA,NA,NA,NA,NA,NA,NA,NA,NA,NA,NA,-0.0974107268008837,-0.0974107268012777,-0.0974107268019796,-0.0974107268027497,-0.0974107268033438,-0.0974107268036496,-0.0974107268037108,-0.0974107268036576,-0.0974107268036077,NA,NA,NA,NA,NA,NA,NA,NA,NA,NA,NA,NA,NA,NA,NA,NA
148,1,NA,NA,NA,NA,NA,NA,NA,NA,NA,NA,NA,NA,NA,NA,NA,NA,NA,NA,NA,NA,NA,NA,NA,NA,NA,NA,NA,NA,NA,NA,-0.0845447413257294,-0.0845447413257294,-0.0845447413257293,-0.0845447413257294,-0.0845447413257294,-0.0845447413257294,NA,NA,NA,NA,NA,NA,NA,NA,NA,NA,NA,NA,NA,NA,NA,NA
331,1,NA,NA,NA,NA,NA,NA,NA,NA,NA,NA,NA,NA,NA,NA,NA,NA,NA,NA,NA,NA,NA,NA,NA,NA,NA,NA,NA,0.499597502682035,0.499597502682035,NA,NA,NA,NA,NA,NA,NA,NA,NA,NA,NA,NA,NA,NA,NA,NA,NA,NA,NA,NA,NA,NA,NA
3136,1,NA,NA,NA,NA,NA,NA,NA,NA,NA,NA,NA,NA,NA,NA,NA,NA,NA,NA,NA,NA,NA,NA,NA,NA,NA,NA,NA,NA,NA,NA,NA,NA,NA,NA,NA,NA,NA,NA,0.0638892075323967,0.0636189686613582,0.0629875533533548,0.0619275232056853,0.060448634568544,0.0586907964442176,0.0569444478173629,0.0555819725069853,0.0548820744774647,NA,NA,NA,NA,NA
334,1,NA,NA,NA,NA,NA,NA,NA,NA,NA,NA,NA,NA,NA,NA,NA,NA,NA,NA,NA,NA,NA,NA,NA,NA,NA,NA,NA,-0.346360527529698,-0.346360527529698,NA,NA,NA,NA,NA,NA,NA,NA,NA,NA,NA,NA,NA,NA,NA,NA,NA,NA,NA,NA,NA,NA,NA
336,1,NA,NA,NA,NA,NA,NA,NA,NA,NA,NA,NA,NA,NA,NA,NA,NA,NA,NA,NA,NA,NA,NA,NA,NA,NA,NA,NA,0.197073509827501,0.197073509827501,NA,NA,NA,NA,NA,NA,NA,NA,NA,NA,NA,NA,NA,NA,NA,NA,NA,NA,NA,NA,NA,NA,NA
337,1,NA,NA,NA,NA,NA,NA,NA,NA,NA,NA,NA,NA,NA,NA,NA,NA,NA,NA,NA,NA,NA,NA,NA,NA,NA,NA,NA,-0.258314898001781,-0.258314898001781,NA,NA,NA,NA,NA,NA,NA,NA,NA,NA,NA,NA,NA,NA,NA,NA,NA,NA,NA,NA,NA,NA,NA
319,1,NA,NA,NA,NA,NA,NA,NA,NA,NA,NA,NA,NA,NA,NA,NA,NA,NA,NA,NA,NA,NA,NA,NA,NA,NA,NA,NA,NA,-0.0274421477053095,-0.0274421477053095,NA,NA,NA,NA,NA,NA,NA,NA,NA,NA,NA,NA,NA,NA,NA,NA,NA,NA,NA,NA,NA,NA
536,1,NA,NA,NA,NA,NA,NA,NA,NA,NA,NA,NA,NA,NA,NA,NA,NA,NA,NA,NA,NA,NA,NA,NA,NA,NA,NA,NA,NA,-0.0129170809804027,-0.0129170809804027,-0.0129170809804029,NA,NA,NA,NA,NA,NA,NA,NA,NA,NA,NA,NA,NA,NA,NA,NA,NA,NA,NA,NA,NA
149,1,NA,NA,NA,NA,NA,NA,NA,NA,NA,NA,NA,NA,NA,NA,NA,NA,NA,NA,NA,NA,NA,NA,NA,NA,NA,NA,NA,NA,NA,NA,-0.0198617204858171,-0.0198617204858169,-0.0198617204858171,-0.0198617204858171,-0.0198617204858171,-0.0198617204858174,NA,NA,NA,NA,NA,NA,NA,NA,NA,NA,NA,NA,NA,NA,NA,NA
250,NA,NA,NA,NA,NA,NA,NA,NA,NA,NA,NA,NA,NA,NA,NA,NA,NA,NA,NA,NA,NA,NA,NA,NA,NA,NA,NA,NA,NA,NA,NA,NA,NA,NA,NA,NA,NA,NA,NA,NA,NA,NA,NA,NA,NA,NA,NA,NA,NA,NA,NA,NA,NA
352,1,NA,NA,NA,NA,NA,NA,NA,NA,NA,NA,NA,NA,NA,NA,NA,NA,NA,NA,NA,NA,NA,NA,NA,NA,NA,NA,NA,NA,NA,0.257497530665702,0.233339050288303,0.186709876056378,0.12650173879786,0.0656459454579634,0.0176121118285668,-0.00759664357050904,NA,NA,NA,NA,NA,NA,NA,NA,NA,NA,NA,NA,NA,NA,NA,NA
176,1,NA,NA,NA,NA,NA,NA,NA,NA,NA,NA,NA,NA,NA,NA,NA,NA,NA,NA,NA,NA,NA,NA,NA,NA,NA,NA,NA,NA,NA,NA,NA,0.107873342637241,0.107873342637241,0.107873342637241,0.107873342637241,NA,NA,NA,NA,NA,NA,NA,NA,NA,NA,NA,NA,NA,NA,NA,NA,NA
1243,1,NA,NA,NA,NA,NA,NA,NA,NA,NA,NA,NA,NA,NA,NA,NA,NA,NA,NA,NA,NA,NA,NA,NA,NA,NA,NA,NA,NA,NA,NA,NA,NA,NA,NA,-0.156311659884222,-0.156311659884222,NA,NA,NA,NA,NA,NA,NA,NA,NA,NA,NA,NA,NA,NA,NA,NA
392,NA,NA,NA,NA,NA,NA,NA,NA,NA,NA,NA,NA,NA,NA,NA,NA,NA,NA,NA,NA,NA,NA,NA,NA,NA,NA,NA,NA,NA,NA,NA,NA,NA,NA,NA,NA,NA,NA,NA,NA,NA,NA,NA,NA,NA,NA,NA,NA,NA,NA,NA,NA,NA
322,NA,NA,NA,NA,NA,NA,NA,NA,NA,NA,NA,NA,NA,NA,NA,NA,NA,NA,NA,NA,NA,NA,NA,NA,NA,NA,NA,NA,NA,NA,NA,NA,NA,NA,NA,NA,NA,NA,NA,NA,NA,NA,NA,NA,NA,NA,NA,NA,NA,NA,NA,NA,NA
323,NA,NA,NA,NA,NA,NA,NA,NA,NA,NA,NA,NA,NA,NA,NA,NA,NA,NA,NA,NA,NA,NA,NA,NA,NA,NA,NA,NA,NA,NA,NA,NA,NA,NA,NA,NA,NA,NA,NA,NA,NA,NA,NA,NA,NA,NA,NA,NA,NA,NA,NA,NA,NA
324,NA,NA,NA,NA,NA,NA,NA,NA,NA,NA,NA,NA,NA,NA,NA,NA,NA,NA,NA,NA,NA,NA,NA,NA,NA,NA,NA,NA,NA,NA,NA,NA,NA,NA,NA,NA,NA,NA,NA,NA,NA,NA,NA,NA,NA,NA,NA,NA,NA,NA,NA,NA,NA
326,NA,NA,NA,NA,NA,NA,NA,NA,NA,NA,NA,NA,NA,NA,NA,NA,NA,NA,NA,NA,NA,NA,NA,NA,NA,NA,NA,NA,NA,NA,NA,NA,NA,NA,NA,NA,NA,NA,NA,NA,NA,NA,NA,NA,NA,NA,NA,NA,NA,NA,NA,NA,NA
3137,1,NA,NA,NA,NA,NA,NA,NA,NA,NA,NA,NA,NA,NA,NA,NA,NA,NA,NA,NA,NA,NA,NA,NA,NA,NA,NA,NA,NA,NA,NA,NA,NA,NA,NA,NA,NA,NA,NA,0.0970855683734997,0.0825929933320837,0.0602819615849848,0.0414840421054956,0.0332241192182252,0.0341086978406531,0.0378096201134213,0.0394641434310357,0.0390566232252958,NA,NA,NA,NA,NA
